# This file contains the table for C+ cooling 
# scaling factors as a function of density and temperature 
# for optically thick regimes 
# Generated by Piyush Sharda in 2026 using Despotic 
# The 1st column is log10(Tgas/K) 
# The 2nd column is log10(NC+/cm^-2) 
# The last is the scaling factor to be multiplied to C+ cooling 
# Note that the scaling factors for this file are calculated under LTE = True, thin=False 
# assuming density = 1000 cm^-3
32,32
4.77121255e-01 6.20411998e+00 1.00000000e+00
4.77121255e-01 6.84928127e+00 1.00000000e+00
4.77121255e-01 7.49444256e+00 1.00000000e+00
4.77121255e-01 8.13960385e+00 9.99999998e-01
4.77121255e-01 8.78476514e+00 9.99999992e-01
4.77121255e-01 9.42992643e+00 9.99999963e-01
4.77121255e-01 1.00750877e+01 9.99999838e-01
4.77121255e-01 1.07202490e+01 9.99999283e-01
4.77121255e-01 1.13654103e+01 9.99996833e-01
4.77121255e-01 1.20105716e+01 9.99986008e-01
4.77121255e-01 1.26557329e+01 9.99938198e-01
4.77121255e-01 1.33008942e+01 9.99727055e-01
4.77121255e-01 1.39460555e+01 9.98795432e-01
4.77121255e-01 1.45912168e+01 9.94700820e-01
4.77121255e-01 1.52363780e+01 9.77008060e-01
4.77121255e-01 1.58815393e+01 9.05835325e-01
4.77121255e-01 1.65267006e+01 6.85307926e-01
4.77121255e-01 1.71718619e+01 3.30203430e-01
4.77121255e-01 1.78170232e+01 1.00398566e-01
4.77121255e-01 1.84621845e+01 2.46422312e-02
4.77121255e-01 1.91073458e+01 5.68693072e-03
4.77121255e-01 1.97525071e+01 1.29309833e-03
4.77121255e-01 2.03976684e+01 2.93025173e-04
4.77121255e-01 2.10428297e+01 6.63501795e-05
4.77121255e-01 2.16879910e+01 1.50211473e-05
4.77121255e-01 2.23331522e+01 3.40053196e-06
4.77121255e-01 2.29783135e+01 7.69815610e-07
4.77121255e-01 2.36234748e+01 1.74271224e-07
4.77121255e-01 2.42686361e+01 3.94515845e-08
4.77121255e-01 2.49137974e+01 8.93106341e-09
4.77121255e-01 2.55589587e+01 2.02181719e-09
4.77121255e-01 2.62041200e+01 4.57699667e-10

5.90762505e-01 6.20411998e+00 1.00000000e+00
5.90762505e-01 6.84928127e+00 1.00000000e+00
5.90762505e-01 7.49444256e+00 1.00000000e+00
5.90762505e-01 8.13960385e+00 9.99999998e-01
5.90762505e-01 8.78476514e+00 9.99999993e-01
5.90762505e-01 9.42992643e+00 9.99999968e-01
5.90762505e-01 1.00750877e+01 9.99999858e-01
5.90762505e-01 1.07202490e+01 9.99999371e-01
5.90762505e-01 1.13654103e+01 9.99997221e-01
5.90762505e-01 1.20105716e+01 9.99987724e-01
5.90762505e-01 1.26557329e+01 9.99945776e-01
5.90762505e-01 1.33008942e+01 9.99760520e-01
5.90762505e-01 1.39460555e+01 9.98943000e-01
5.90762505e-01 1.45912168e+01 9.95347672e-01
5.90762505e-01 1.52363780e+01 9.79770680e-01
5.90762505e-01 1.58815393e+01 9.16418179e-01
5.90762505e-01 1.65267006e+01 7.12817592e-01
5.90762505e-01 1.71718619e+01 3.59754280e-01
5.90762505e-01 1.78170232e+01 1.12848499e-01
5.90762505e-01 1.84621845e+01 2.79902844e-02
5.90762505e-01 1.91073458e+01 6.47669541e-03
5.90762505e-01 1.97525071e+01 1.47357989e-03
5.90762505e-01 2.03976684e+01 3.33970240e-04
5.90762505e-01 2.10428297e+01 7.56238354e-05
5.90762505e-01 2.16879910e+01 1.71207513e-05
5.90762505e-01 2.23331522e+01 3.87585285e-06
5.90762505e-01 2.29783135e+01 8.77419520e-07
5.90762505e-01 2.36234748e+01 1.98630665e-07
5.90762505e-01 2.42686361e+01 4.49660845e-08
5.90762505e-01 2.49137974e+01 1.01794379e-08
5.90762505e-01 2.55589587e+01 2.30442464e-09
5.90762505e-01 2.62041200e+01 5.21676437e-10

7.04403754e-01 6.20411998e+00 1.00000000e+00
7.04403754e-01 6.84928127e+00 1.00000000e+00
7.04403754e-01 7.49444256e+00 1.00000000e+00
7.04403754e-01 8.13960385e+00 9.99999999e-01
7.04403754e-01 8.78476514e+00 9.99999994e-01
7.04403754e-01 9.42992643e+00 9.99999972e-01
7.04403754e-01 1.00750877e+01 9.99999875e-01
7.04403754e-01 1.07202490e+01 9.99999448e-01
7.04403754e-01 1.13654103e+01 9.99997562e-01
7.04403754e-01 1.20105716e+01 9.99989230e-01
7.04403754e-01 1.26557329e+01 9.99952426e-01
7.04403754e-01 1.33008942e+01 9.99789883e-01
7.04403754e-01 1.39460555e+01 9.99072507e-01
7.04403754e-01 1.45912168e+01 9.95915889e-01
7.04403754e-01 1.52363780e+01 9.82207401e-01
7.04403754e-01 1.58815393e+01 9.25908947e-01
7.04403754e-01 1.65267006e+01 7.38838881e-01
7.04403754e-01 1.71718619e+01 3.90408263e-01
7.04403754e-01 1.78170232e+01 1.26624984e-01
7.04403754e-01 1.84621845e+01 3.17784063e-02
7.04403754e-01 1.91073458e+01 7.37532438e-03
7.04403754e-01 1.97525071e+01 1.67920951e-03
7.04403754e-01 2.03976684e+01 3.80634491e-04
7.04403754e-01 2.10428297e+01 8.61935470e-05
7.04403754e-01 2.16879910e+01 1.95138258e-05
7.04403754e-01 2.23331522e+01 4.41761322e-06
7.04403754e-01 2.29783135e+01 1.00006420e-06
7.04403754e-01 2.36234748e+01 2.26395051e-07
7.04403754e-01 2.42686361e+01 5.12513978e-08
7.04403754e-01 2.49137974e+01 1.16023094e-08
7.04403754e-01 2.55589587e+01 2.62653477e-09
7.04403754e-01 2.62041200e+01 5.94595839e-10

8.18045004e-01 6.20411998e+00 1.00000000e+00
8.18045004e-01 6.84928127e+00 1.00000000e+00
8.18045004e-01 7.49444256e+00 1.00000000e+00
8.18045004e-01 8.13960385e+00 9.99999999e-01
8.18045004e-01 8.78476514e+00 9.99999994e-01
8.18045004e-01 9.42992643e+00 9.99999975e-01
8.18045004e-01 1.00750877e+01 9.99999890e-01
8.18045004e-01 1.07202490e+01 9.99999516e-01
8.18045004e-01 1.13654103e+01 9.99997861e-01
8.18045004e-01 1.20105716e+01 9.99990551e-01
8.18045004e-01 1.26557329e+01 9.99958260e-01
8.18045004e-01 1.33008942e+01 9.99815647e-01
8.18045004e-01 1.39460555e+01 9.99186162e-01
8.18045004e-01 1.45912168e+01 9.96414966e-01
8.18045004e-01 1.52363780e+01 9.84355335e-01
8.18045004e-01 1.58815393e+01 9.34399345e-01
8.18045004e-01 1.65267006e+01 7.63285879e-01
8.18045004e-01 1.71718619e+01 4.21953474e-01
8.18045004e-01 1.78170232e+01 1.41814785e-01
8.18045004e-01 1.84621845e+01 3.60602778e-02
8.18045004e-01 1.91073458e+01 8.39760549e-03
8.18045004e-01 1.97525071e+01 1.91348384e-03
8.18045004e-01 2.03976684e+01 4.33817308e-04
8.18045004e-01 2.10428297e+01 9.82406806e-05
8.18045004e-01 2.16879910e+01 2.22414491e-05
8.18045004e-01 2.23331522e+01 5.03511348e-06
8.18045004e-01 2.29783135e+01 1.13985515e-06
8.18045004e-01 2.36234748e+01 2.58041024e-07
8.18045004e-01 2.42686361e+01 5.84154267e-08
8.18045004e-01 2.49137974e+01 1.32241048e-08
8.18045004e-01 2.55589587e+01 2.99367739e-09
8.18045004e-01 2.62041200e+01 6.77709709e-10

9.31686254e-01 6.20411998e+00 1.00000000e+00
9.31686254e-01 6.84928127e+00 1.00000000e+00
9.31686254e-01 7.49444256e+00 1.00000000e+00
9.31686254e-01 8.13960385e+00 9.99999999e-01
9.31686254e-01 8.78476514e+00 9.99999995e-01
9.31686254e-01 9.42992643e+00 9.99999978e-01
9.31686254e-01 1.00750877e+01 9.99999904e-01
9.31686254e-01 1.07202490e+01 9.99999575e-01
9.31686254e-01 1.13654103e+01 9.99998123e-01
9.31686254e-01 1.20105716e+01 9.99991710e-01
9.31686254e-01 1.26557329e+01 9.99963381e-01
9.31686254e-01 1.33008942e+01 9.99838262e-01
9.31686254e-01 1.39460555e+01 9.99285944e-01
9.31686254e-01 1.45912168e+01 9.96853448e-01
9.31686254e-01 1.52363780e+01 9.86248465e-01
9.31686254e-01 1.58815393e+01 9.41981246e-01
9.31686254e-01 1.65267006e+01 7.86117639e-01
9.31686254e-01 1.71718619e+01 4.54164428e-01
9.31686254e-01 1.78170232e+01 1.58504559e-01
9.31686254e-01 1.84621845e+01 4.08972256e-02
9.31686254e-01 1.91073458e+01 9.56082174e-03
9.31686254e-01 1.97525071e+01 2.18051010e-03
9.31686254e-01 2.03976684e+01 4.94458714e-04
9.31686254e-01 2.10428297e+01 1.11978567e-04
9.31686254e-01 2.16879910e+01 2.53519423e-05
9.31686254e-01 2.23331522e+01 5.73929391e-06
9.31686254e-01 2.29783135e+01 1.29926908e-06
9.31686254e-01 2.36234748e+01 2.94129273e-07
9.31686254e-01 2.42686361e+01 6.65851003e-08
9.31686254e-01 2.49137974e+01 1.50735585e-08
9.31686254e-01 2.55589587e+01 3.41235735e-09
9.31686254e-01 2.62041200e+01 7.72490622e-10

1.04532750e+00 6.20411998e+00 1.00000000e+00
1.04532750e+00 6.84928127e+00 1.00000000e+00
1.04532750e+00 7.49444256e+00 1.00000000e+00
1.04532750e+00 8.13960385e+00 9.99999999e-01
1.04532750e+00 8.78476514e+00 9.99999996e-01
1.04532750e+00 9.42992643e+00 9.99999981e-01
1.04532750e+00 1.00750877e+01 9.99999916e-01
1.04532750e+00 1.07202490e+01 9.99999628e-01
1.04532750e+00 1.13654103e+01 9.99998355e-01
1.04532750e+00 1.20105716e+01 9.99992732e-01
1.04532750e+00 1.26557329e+01 9.99967896e-01
1.04532750e+00 1.33008942e+01 9.99858200e-01
1.04532750e+00 1.39460555e+01 9.99373923e-01
1.04532750e+00 1.45912168e+01 9.97240304e-01
1.04532750e+00 1.52363780e+01 9.87923366e-01
1.04532750e+00 1.58815393e+01 9.48767704e-01
1.04532750e+00 1.65267006e+01 8.07407992e-01
1.04532750e+00 1.71718619e+01 4.86932060e-01
1.04532750e+00 1.78170232e+01 1.76852052e-01
1.04532750e+00 1.84621845e+01 4.63815804e-02
1.04532750e+00 1.91073458e+01 1.08906532e-02
1.04532750e+00 1.97525071e+01 2.48637807e-03
1.04532750e+00 2.03976684e+01 5.63951883e-04
1.04532750e+00 2.10428297e+01 1.27723343e-04
1.04532750e+00 2.16879910e+01 2.89169112e-05
1.04532750e+00 2.23331522e+01 6.54636667e-06
1.04532750e+00 2.29783135e+01 1.48197622e-06
1.04532750e+00 2.36234748e+01 3.35490667e-07
1.04532750e+00 2.42686361e+01 7.59485114e-08
1.04532750e+00 2.49137974e+01 1.71932509e-08
1.04532750e+00 2.55589587e+01 3.89221406e-09
1.04532750e+00 2.62041200e+01 8.81120748e-10

1.15896875e+00 6.20411998e+00 1.00000000e+00
1.15896875e+00 6.84928127e+00 1.00000000e+00
1.15896875e+00 7.49444256e+00 1.00000000e+00
1.15896875e+00 8.13960385e+00 9.99999999e-01
1.15896875e+00 8.78476514e+00 9.99999996e-01
1.15896875e+00 9.42992643e+00 9.99999983e-01
1.15896875e+00 1.00750877e+01 9.99999926e-01
1.15896875e+00 1.07202490e+01 9.99999675e-01
1.15896875e+00 1.13654103e+01 9.99998563e-01
1.15896875e+00 1.20105716e+01 9.99993652e-01
1.15896875e+00 1.26557329e+01 9.99971961e-01
1.15896875e+00 1.33008942e+01 9.99876153e-01
1.15896875e+00 1.39460555e+01 9.99453157e-01
1.15896875e+00 1.45912168e+01 9.97588910e-01
1.15896875e+00 1.52363780e+01 9.89436424e-01
1.15896875e+00 1.58815393e+01 9.54962858e-01
1.15896875e+00 1.65267006e+01 8.27590521e-01
1.15896875e+00 1.71718619e+01 5.20764896e-01
1.15896875e+00 1.78170232e+01 1.97430571e-01
1.15896875e+00 1.84621845e+01 5.27514551e-02
1.15896875e+00 1.91073458e+01 1.24499702e-02
1.15896875e+00 1.97525071e+01 2.84583832e-03
1.15896875e+00 2.03976684e+01 6.45663339e-04
1.15896875e+00 2.10428297e+01 1.46238533e-04
1.15896875e+00 2.16879910e+01 3.31092746e-05
1.15896875e+00 2.23331522e+01 7.49548087e-06
1.15896875e+00 2.29783135e+01 1.69683935e-06
1.15896875e+00 2.36234748e+01 3.84131576e-07
1.15896875e+00 2.42686361e+01 8.69598630e-08
1.15896875e+00 2.49137974e+01 1.96860047e-08
1.15896875e+00 2.55589587e+01 4.45652453e-09
1.15896875e+00 2.62041200e+01 1.00886955e-09

1.27261000e+00 6.20411998e+00 1.00000000e+00
1.27261000e+00 6.84928127e+00 1.00000000e+00
1.27261000e+00 7.49444256e+00 1.00000000e+00
1.27261000e+00 8.13960385e+00 9.99999999e-01
1.27261000e+00 8.78476514e+00 9.99999997e-01
1.27261000e+00 9.42992643e+00 9.99999986e-01
1.27261000e+00 1.00750877e+01 9.99999937e-01
1.27261000e+00 1.07202490e+01 9.99999720e-01
1.27261000e+00 1.13654103e+01 9.99998761e-01
1.27261000e+00 1.20105716e+01 9.99994528e-01
1.27261000e+00 1.26557329e+01 9.99975828e-01
1.27261000e+00 1.33008942e+01 9.99893234e-01
1.27261000e+00 1.39460555e+01 9.99528550e-01
1.27261000e+00 1.45912168e+01 9.97920791e-01
1.27261000e+00 1.52363780e+01 9.90880217e-01
1.27261000e+00 1.58815393e+01 9.60932335e-01
1.27261000e+00 1.65267006e+01 8.47751059e-01
1.27261000e+00 1.71718619e+01 5.57625630e-01
1.27261000e+00 1.78170232e+01 2.22007199e-01
1.27261000e+00 1.84621845e+01 6.06797620e-02
1.27261000e+00 1.91073458e+01 1.44133100e-02
1.27261000e+00 1.97525071e+01 3.29968289e-03
1.27261000e+00 2.03976684e+01 7.48895042e-04
1.27261000e+00 2.10428297e+01 1.69633394e-04
1.27261000e+00 2.16879910e+01 3.84067057e-05
1.27261000e+00 2.23331522e+01 8.69478147e-06
1.27261000e+00 2.29783135e+01 1.96834083e-06
1.27261000e+00 2.36234748e+01 4.45594348e-07
1.27261000e+00 2.42686361e+01 1.00873835e-07
1.27261000e+00 2.49137974e+01 2.28358550e-08
1.27261000e+00 2.55589587e+01 5.16958873e-09
1.27261000e+00 2.62041200e+01 1.17029326e-09

1.38625125e+00 6.20411998e+00 1.00000000e+00
1.38625125e+00 6.84928127e+00 1.00000000e+00
1.38625125e+00 7.49444256e+00 1.00000000e+00
1.38625125e+00 8.13960385e+00 9.99999999e-01
1.38625125e+00 8.78476514e+00 9.99999997e-01
1.38625125e+00 9.42992643e+00 9.99999988e-01
1.38625125e+00 1.00750877e+01 9.99999947e-01
1.38625125e+00 1.07202490e+01 9.99999765e-01
1.38625125e+00 1.13654103e+01 9.99998963e-01
1.38625125e+00 1.20105716e+01 9.99995419e-01
1.38625125e+00 1.26557329e+01 9.99979765e-01
1.38625125e+00 1.33008942e+01 9.99910622e-01
1.38625125e+00 1.39460555e+01 9.99605306e-01
1.38625125e+00 1.45912168e+01 9.98258847e-01
1.38625125e+00 1.52363780e+01 9.92354222e-01
1.38625125e+00 1.58815393e+01 9.67085950e-01
1.38625125e+00 1.65267006e+01 8.69307421e-01
1.38625125e+00 1.71718619e+01 6.00922470e-01
1.38625125e+00 1.78170232e+01 2.54220391e-01
1.38625125e+00 1.84621845e+01 7.16399127e-02
1.38625125e+00 1.91073458e+01 1.71694329e-02
1.38625125e+00 1.97525071e+01 3.93914420e-03
1.38625125e+00 2.03976684e+01 8.94470617e-04
1.38625125e+00 2.10428297e+01 2.02630780e-04
1.38625125e+00 2.16879910e+01 4.58788169e-05
1.38625125e+00 2.23331522e+01 1.03864309e-05
1.38625125e+00 2.29783135e+01 2.35130265e-06
1.38625125e+00 2.36234748e+01 5.32289664e-07
1.38625125e+00 2.42686361e+01 1.20499965e-07
1.38625125e+00 2.49137974e+01 2.72788258e-08
1.38625125e+00 2.55589587e+01 6.17539001e-09
1.38625125e+00 2.62041200e+01 1.39798690e-09

1.49989250e+00 6.20411998e+00 1.00000000e+00
1.49989250e+00 6.84928127e+00 1.00000000e+00
1.49989250e+00 7.49444256e+00 1.00000000e+00
1.49989250e+00 8.13960385e+00 1.00000000e+00
1.49989250e+00 8.78476514e+00 9.99999998e-01
1.49989250e+00 9.42992643e+00 9.99999990e-01
1.49989250e+00 1.00750877e+01 9.99999958e-01
1.49989250e+00 1.07202490e+01 9.99999812e-01
1.49989250e+00 1.13654103e+01 9.99999171e-01
1.49989250e+00 1.20105716e+01 9.99996340e-01
1.49989250e+00 1.26557329e+01 9.99983831e-01
1.49989250e+00 1.33008942e+01 9.99928578e-01
1.49989250e+00 1.39460555e+01 9.99684583e-01
1.49989250e+00 1.45912168e+01 9.98608196e-01
1.49989250e+00 1.52363780e+01 9.93881026e-01
1.49989250e+00 1.58815393e+01 9.73524011e-01
1.49989250e+00 1.65267006e+01 8.92750139e-01
1.49989250e+00 1.71718619e+01 6.53306821e-01
1.49989250e+00 1.78170232e+01 2.99027720e-01
1.49989250e+00 1.84621845e+01 8.80668234e-02
1.49989250e+00 1.91073458e+01 2.13941884e-02
1.49989250e+00 1.97525071e+01 4.92473274e-03
1.49989250e+00 2.03976684e+01 1.11912640e-03
1.49989250e+00 2.10428297e+01 2.53567750e-04
1.49989250e+00 2.16879910e+01 5.74140163e-05
1.49989250e+00 2.23331522e+01 1.29979819e-05
1.49989250e+00 2.29783135e+01 2.94251717e-06
1.49989250e+00 2.36234748e+01 6.66129556e-07
1.49989250e+00 2.42686361e+01 1.50798714e-07
1.49989250e+00 2.49137974e+01 3.41378682e-08
1.49989250e+00 2.55589587e+01 7.72814245e-09
1.49989250e+00 2.62041200e+01 1.74949953e-09

1.61353375e+00 6.20411998e+00 1.00000000e+00
1.61353375e+00 6.84928127e+00 1.00000000e+00
1.61353375e+00 7.49444256e+00 1.00000000e+00
1.61353375e+00 8.13960385e+00 1.00000000e+00
1.61353375e+00 8.78476514e+00 9.99999998e-01
1.61353375e+00 9.42992643e+00 9.99999993e-01
1.61353375e+00 1.00750877e+01 9.99999968e-01
1.61353375e+00 1.07202490e+01 9.99999858e-01
1.61353375e+00 1.13654103e+01 9.99999373e-01
1.61353375e+00 1.20105716e+01 9.99997230e-01
1.61353375e+00 1.26557329e+01 9.99987764e-01
1.61353375e+00 1.33008942e+01 9.99945953e-01
1.61353375e+00 1.39460555e+01 9.99761300e-01
1.61353375e+00 1.45912168e+01 9.98946438e-01
1.61353375e+00 1.52363780e+01 9.95362750e-01
1.61353375e+00 1.58815393e+01 9.79835220e-01
1.61353375e+00 1.65267006e+01 9.16667647e-01
1.61353375e+00 1.71718619e+01 7.13484758e-01
1.61353375e+00 1.78170232e+01 3.60505817e-01
1.61353375e+00 1.84621845e+01 1.13175419e-01
1.61353375e+00 1.91073458e+01 2.80791525e-02
1.61353375e+00 1.97525071e+01 6.49771529e-03
1.61353375e+00 2.03976684e+01 1.47838650e-03
1.61353375e+00 2.10428297e+01 3.35060851e-04
1.61353375e+00 2.16879910e+01 7.58708562e-05
1.61353375e+00 2.23331522e+01 1.71766785e-05
1.61353375e+00 2.29783135e+01 3.88851400e-06
1.61353375e+00 2.36234748e+01 8.80285774e-07
1.61353375e+00 2.42686361e+01 1.99279529e-07
1.61353375e+00 2.49137974e+01 4.51129748e-08
1.61353375e+00 2.55589587e+01 1.02126910e-08
1.61353375e+00 2.62041200e+01 2.31195248e-09

1.72717500e+00 6.20411998e+00 1.00000000e+00
1.72717500e+00 6.84928127e+00 1.00000000e+00
1.72717500e+00 7.49444256e+00 1.00000000e+00
1.72717500e+00 8.13960385e+00 1.00000000e+00
1.72717500e+00 8.78476514e+00 9.99999999e-01
1.72717500e+00 9.42992643e+00 9.99999995e-01
1.72717500e+00 1.00750877e+01 9.99999977e-01
1.72717500e+00 1.07202490e+01 9.99999898e-01
1.72717500e+00 1.13654103e+01 9.99999548e-01
1.72717500e+00 1.20105716e+01 9.99998005e-01
1.72717500e+00 1.26557329e+01 9.99991186e-01
1.72717500e+00 1.33008942e+01 9.99961068e-01
1.72717500e+00 1.39460555e+01 9.99828045e-01
1.72717500e+00 1.45912168e+01 9.99240861e-01
1.72717500e+00 1.52363780e+01 9.96655297e-01
1.72717500e+00 1.58815393e+01 9.85392260e-01
1.72717500e+00 1.65267006e+01 9.38540609e-01
1.72717500e+00 1.71718619e+01 7.75635496e-01
1.72717500e+00 1.78170232e+01 4.39023010e-01
1.72717500e+00 1.84621845e+01 1.50502304e-01
1.72717500e+00 1.91073458e+01 3.85604111e-02
1.72717500e+00 1.97525071e+01 8.99773115e-03
1.72717500e+00 2.03976684e+01 2.05118740e-03
1.72717500e+00 2.10428297e+01 4.65086519e-04
1.72717500e+00 2.16879910e+01 1.05324341e-04
1.72717500e+00 2.23331522e+01 2.38453031e-05
1.72717500e+00 2.29783135e+01 5.39820742e-06
1.72717500e+00 2.36234748e+01 1.22205314e-06
1.72717500e+00 2.42686361e+01 2.76649068e-07
1.72717500e+00 2.49137974e+01 6.26279237e-08
1.72717500e+00 2.55589587e+01 1.41777314e-08
1.72717500e+00 2.62041200e+01 3.20955971e-09

1.84081625e+00 6.20411998e+00 1.00000000e+00
1.84081625e+00 6.84928127e+00 1.00000000e+00
1.84081625e+00 7.49444256e+00 1.00000000e+00
1.84081625e+00 8.13960385e+00 1.00000000e+00
1.84081625e+00 8.78476514e+00 9.99999999e-01
1.84081625e+00 9.42992643e+00 9.99999996e-01
1.84081625e+00 1.00750877e+01 9.99999984e-01
1.84081625e+00 1.07202490e+01 9.99999929e-01
1.84081625e+00 1.13654103e+01 9.99999686e-01
1.84081625e+00 1.20105716e+01 9.99998614e-01
1.84081625e+00 1.26557329e+01 9.99993876e-01
1.84081625e+00 1.33008942e+01 9.99972948e-01
1.84081625e+00 1.39460555e+01 9.99880515e-01
1.84081625e+00 1.45912168e+01 9.99472407e-01
1.84081625e+00 1.52363780e+01 9.97673635e-01
1.84081625e+00 1.58815393e+01 9.89804696e-01
1.84081625e+00 1.65267006e+01 9.56480097e-01
1.84081625e+00 1.71718619e+01 8.32646780e-01
1.84081625e+00 1.78170232e+01 5.29705993e-01
1.84081625e+00 1.84621845e+01 2.03173820e-01
1.84081625e+00 1.91073458e+01 5.45721724e-02
1.84081625e+00 1.97525071e+01 1.28986224e-02
1.84081625e+00 2.03976684e+01 2.94942576e-03
1.84081625e+00 2.10428297e+01 6.69218989e-04
1.84081625e+00 2.16879910e+01 1.51576497e-04
1.84081625e+00 2.23331522e+01 3.43179633e-05
1.84081625e+00 2.29783135e+01 7.76911850e-06
1.84081625e+00 2.36234748e+01 1.75878627e-06
1.84081625e+00 2.42686361e+01 3.98155176e-07
1.84081625e+00 2.49137974e+01 9.01345323e-08
1.84081625e+00 2.55589587e+01 2.04046876e-08
1.84081625e+00 2.62041200e+01 4.61922020e-09

1.95445750e+00 6.20411998e+00 1.00000000e+00
1.95445750e+00 6.84928127e+00 1.00000000e+00
1.95445750e+00 7.49444256e+00 1.00000000e+00
1.95445750e+00 8.13960385e+00 1.00000000e+00
1.95445750e+00 8.78476514e+00 9.99999999e-01
1.95445750e+00 9.42992643e+00 9.99999998e-01
1.95445750e+00 1.00750877e+01 9.99999989e-01
1.95445750e+00 1.07202490e+01 9.99999952e-01
1.95445750e+00 1.13654103e+01 9.99999787e-01
1.95445750e+00 1.20105716e+01 9.99999058e-01
1.95445750e+00 1.26557329e+01 9.99995838e-01
1.95445750e+00 1.33008942e+01 9.99981616e-01
1.95445750e+00 1.39460555e+01 9.99918795e-01
1.95445750e+00 1.45912168e+01 9.99641391e-01
1.95445750e+00 1.52363780e+01 9.98417839e-01
1.95445750e+00 1.58815393e+01 9.93048633e-01
1.95445750e+00 1.65267006e+01 9.70005933e-01
1.95445750e+00 1.71718619e+01 8.79823924e-01
1.95445750e+00 1.78170232e+01 6.23686452e-01
1.95445750e+00 1.84621845e+01 2.72829541e-01
1.95445750e+00 1.91073458e+01 7.82869896e-02
1.95445750e+00 1.97525071e+01 1.88651937e-02
1.95445750e+00 2.03976684e+01 4.33396090e-03
1.95445750e+00 2.10428297e+01 9.84424161e-04
1.95445750e+00 2.16879910e+01 2.23024126e-04
1.95445750e+00 2.23331522e+01 5.04969901e-05
1.95445750e+00 2.29783135e+01 1.14319724e-05
1.95445750e+00 2.36234748e+01 2.58799671e-06
1.95445750e+00 2.42686361e+01 5.85872750e-07
1.95445750e+00 2.49137974e+01 1.32630133e-07
1.95445750e+00 2.55589587e+01 3.00248578e-08
1.95445750e+00 2.62041200e+01 6.79703770e-09

2.06809875e+00 6.20411998e+00 1.00000000e+00
2.06809875e+00 6.84928127e+00 1.00000000e+00
2.06809875e+00 7.49444256e+00 1.00000000e+00
2.06809875e+00 8.13960385e+00 1.00000000e+00
2.06809875e+00 8.78476514e+00 1.00000000e+00
2.06809875e+00 9.42992643e+00 9.99999998e-01
2.06809875e+00 1.00750877e+01 9.99999993e-01
2.06809875e+00 1.07202490e+01 9.99999968e-01
2.06809875e+00 1.13654103e+01 9.99999857e-01
2.06809875e+00 1.20105716e+01 9.99999367e-01
2.06809875e+00 1.26557329e+01 9.99997204e-01
2.06809875e+00 1.33008942e+01 9.99987651e-01
2.06809875e+00 1.39460555e+01 9.99945451e-01
2.06809875e+00 1.45912168e+01 9.99759083e-01
2.06809875e+00 1.52363780e+01 9.98936661e-01
2.06809875e+00 1.58815393e+01 9.95319870e-01
2.06809875e+00 1.65267006e+01 9.79651697e-01
2.06809875e+00 1.71718619e+01 9.15958536e-01
2.06809875e+00 1.78170232e+01 7.11590658e-01
2.06809875e+00 1.84621845e+01 3.58376692e-01
2.06809875e+00 1.91073458e+01 1.12250611e-01
2.06809875e+00 1.97525071e+01 2.78278852e-02
2.06809875e+00 2.03976684e+01 6.43829095e-03
2.06809875e+00 2.10428297e+01 1.46479835e-03
2.06809875e+00 2.16879910e+01 3.31977746e-04
2.06809875e+00 2.23331522e+01 7.51725416e-05
2.06809875e+00 2.29783135e+01 1.70185753e-05
2.06809875e+00 2.36234748e+01 3.85272160e-06
2.06809875e+00 2.42686361e+01 8.72183030e-07
2.06809875e+00 2.49137974e+01 1.97445225e-07
2.06809875e+00 2.55589587e+01 4.46977242e-08
2.06809875e+00 2.62041200e+01 1.01186864e-08

2.18174000e+00 6.20411998e+00 1.00000000e+00
2.18174000e+00 6.84928127e+00 1.00000000e+00
2.18174000e+00 7.49444256e+00 1.00000000e+00
2.18174000e+00 8.13960385e+00 1.00000000e+00
2.18174000e+00 8.78476514e+00 1.00000000e+00
2.18174000e+00 9.42992643e+00 9.99999999e-01
2.18174000e+00 1.00750877e+01 9.99999995e-01
2.18174000e+00 1.07202490e+01 9.99999978e-01
2.18174000e+00 1.13654103e+01 9.99999904e-01
2.18174000e+00 1.20105716e+01 9.99999577e-01
2.18174000e+00 1.26557329e+01 9.99998131e-01
2.18174000e+00 1.33008942e+01 9.99991746e-01
2.18174000e+00 1.39460555e+01 9.99963539e-01
2.18174000e+00 1.45912168e+01 9.99838961e-01
2.18174000e+00 1.52363780e+01 9.99289025e-01
2.18174000e+00 1.58815393e+01 9.96866991e-01
2.18174000e+00 1.65267006e+01 9.86307022e-01
2.18174000e+00 1.71718619e+01 9.42217261e-01
2.18174000e+00 1.78170232e+01 7.86844217e-01
2.18174000e+00 1.84621845e+01 4.55237228e-01
2.18174000e+00 1.91073458e+01 1.59082513e-01
2.18174000e+00 1.97525071e+01 4.10672769e-02
2.18174000e+00 2.03976684e+01 9.60188023e-03
2.18174000e+00 2.10428297e+01 2.18994427e-03
2.18174000e+00 2.16879910e+01 4.96601666e-04
2.18174000e+00 2.23331522e+01 1.12464061e-04
2.18174000e+00 2.29783135e+01 2.54618677e-05
2.18174000e+00 2.36234748e+01 5.76417984e-06
2.18174000e+00 2.42686361e+01 1.30490282e-06
2.18174000e+00 2.49137974e+01 2.95404643e-07
2.18174000e+00 2.55589587e+01 6.68738190e-08
2.18174000e+00 2.62041200e+01 1.51389187e-08

2.29538125e+00 6.20411998e+00 1.00000000e+00
2.29538125e+00 6.84928127e+00 1.00000000e+00
2.29538125e+00 7.49444256e+00 1.00000000e+00
2.29538125e+00 8.13960385e+00 1.00000000e+00
2.29538125e+00 8.78476514e+00 1.00000000e+00
2.29538125e+00 9.42992643e+00 9.99999999e-01
2.29538125e+00 1.00750877e+01 9.99999997e-01
2.29538125e+00 1.07202490e+01 9.99999986e-01
2.29538125e+00 1.13654103e+01 9.99999936e-01
2.29538125e+00 1.20105716e+01 9.99999718e-01
2.29538125e+00 1.26557329e+01 9.99998753e-01
2.29538125e+00 1.33008942e+01 9.99994490e-01
2.29538125e+00 1.39460555e+01 9.99975661e-01
2.29538125e+00 1.45912168e+01 9.99892496e-01
2.29538125e+00 1.52363780e+01 9.99525292e-01
2.29538125e+00 1.58815393e+01 9.97906447e-01
2.29538125e+00 1.65267006e+01 9.90817747e-01
2.29538125e+00 1.71718619e+01 9.60672865e-01
2.29538125e+00 1.78170232e+01 8.46859686e-01
2.29538125e+00 1.84621845e+01 5.55925429e-01
2.29538125e+00 1.91073458e+01 2.20819499e-01
2.29538125e+00 1.97525071e+01 6.02882543e-02
2.29538125e+00 2.03976684e+01 1.43157654e-02
2.29538125e+00 2.10428297e+01 3.27710162e-03
2.29538125e+00 2.16879910e+01 7.43756977e-04
2.29538125e+00 2.23331522e+01 1.68468893e-04
2.29538125e+00 2.29783135e+01 3.81430166e-05
2.29538125e+00 2.36234748e+01 8.63508390e-06
2.29538125e+00 2.42686361e+01 1.95482630e-06
2.29538125e+00 2.49137974e+01 4.42534913e-07
2.29538125e+00 2.55589587e+01 1.00181239e-07
2.29538125e+00 2.62041200e+01 2.26790647e-08

2.40902250e+00 6.20411998e+00 1.00000000e+00
2.40902250e+00 6.84928127e+00 1.00000000e+00
2.40902250e+00 7.49444256e+00 1.00000000e+00
2.40902250e+00 8.13960385e+00 1.00000000e+00
2.40902250e+00 8.78476514e+00 1.00000000e+00
2.40902250e+00 9.42992643e+00 1.00000000e+00
2.40902250e+00 1.00750877e+01 9.99999998e-01
2.40902250e+00 1.07202490e+01 9.99999990e-01
2.40902250e+00 1.13654103e+01 9.99999957e-01
2.40902250e+00 1.20105716e+01 9.99999811e-01
2.40902250e+00 1.26557329e+01 9.99999167e-01
2.40902250e+00 1.33008942e+01 9.99996320e-01
2.40902250e+00 1.39460555e+01 9.99983744e-01
2.40902250e+00 1.45912168e+01 9.99928196e-01
2.40902250e+00 1.52363780e+01 9.99682895e-01
2.40902250e+00 1.58815393e+01 9.98600755e-01
2.40902250e+00 1.65267006e+01 9.93848467e-01
2.40902250e+00 1.71718619e+01 9.73386034e-01
2.40902250e+00 1.78170232e+01 8.92237810e-01
2.40902250e+00 1.84621845e+01 6.52096424e-01
2.40902250e+00 1.91073458e+01 2.97909683e-01
2.40902250e+00 1.97525071e+01 8.76389344e-02
2.40902250e+00 2.03976684e+01 2.12826806e-02
2.40902250e+00 2.10428297e+01 4.89863505e-03
2.40902250e+00 2.16879910e+01 1.11317324e-03
2.40902250e+00 2.23331522e+01 2.52217742e-04
2.40902250e+00 2.29783135e+01 5.71082814e-05
2.40902250e+00 2.36234748e+01 1.29287634e-05
2.40902250e+00 2.42686361e+01 2.92684714e-06
2.40902250e+00 2.49137974e+01 6.62582154e-07
2.40902250e+00 2.55589587e+01 1.49995651e-07
2.40902250e+00 2.62041200e+01 3.39560705e-08

2.52266375e+00 6.20411998e+00 1.00000000e+00
2.52266375e+00 6.84928127e+00 1.00000000e+00
2.52266375e+00 7.49444256e+00 1.00000000e+00
2.52266375e+00 8.13960385e+00 1.00000000e+00
2.52266375e+00 8.78476514e+00 1.00000000e+00
2.52266375e+00 9.42992643e+00 1.00000000e+00
2.52266375e+00 1.00750877e+01 9.99999999e-01
2.52266375e+00 1.07202490e+01 9.99999994e-01
2.52266375e+00 1.13654103e+01 9.99999971e-01
2.52266375e+00 1.20105716e+01 9.99999874e-01
2.52266375e+00 1.26557329e+01 9.99999443e-01
2.52266375e+00 1.33008942e+01 9.99997539e-01
2.52266375e+00 1.39460555e+01 9.99989128e-01
2.52266375e+00 1.45912168e+01 9.99951978e-01
2.52266375e+00 1.52363780e+01 9.99787905e-01
2.52266375e+00 1.58815393e+01 9.99063780e-01
2.52266375e+00 1.65267006e+01 9.95877584e-01
2.52266375e+00 1.71718619e+01 9.82042843e-01
2.52266375e+00 1.78170232e+01 9.25263324e-01
2.52266375e+00 1.84621845e+01 7.37026125e-01
2.52266375e+00 1.91073458e+01 3.88179727e-01
2.52266375e+00 1.97525071e+01 1.25591960e-01
2.52266375e+00 2.03976684e+01 3.14912538e-02
2.52266375e+00 2.10428297e+01 7.30701615e-03
2.52266375e+00 2.16879910e+01 1.66356871e-03
2.52266375e+00 2.23331522e+01 3.77084549e-04
2.52266375e+00 2.29783135e+01 8.53894386e-05
2.52266375e+00 2.36234748e+01 1.93317673e-05
2.52266375e+00 2.42686361e+01 4.37639751e-06
2.52266375e+00 2.49137974e+01 9.90733716e-07
2.52266375e+00 2.55589587e+01 2.24282808e-07
2.52266375e+00 2.62041200e+01 5.07732274e-08

2.63630500e+00 6.20411998e+00 1.00000000e+00
2.63630500e+00 6.84928127e+00 1.00000000e+00
2.63630500e+00 7.49444256e+00 1.00000000e+00
2.63630500e+00 8.13960385e+00 1.00000000e+00
2.63630500e+00 8.78476514e+00 1.00000000e+00
2.63630500e+00 9.42992643e+00 1.00000000e+00
2.63630500e+00 1.00750877e+01 9.99999999e-01
2.63630500e+00 1.07202490e+01 9.99999996e-01
2.63630500e+00 1.13654103e+01 9.99999981e-01
2.63630500e+00 1.20105716e+01 9.99999916e-01
2.63630500e+00 1.26557329e+01 9.99999627e-01
2.63630500e+00 1.33008942e+01 9.99998351e-01
2.63630500e+00 1.39460555e+01 9.99992718e-01
2.63630500e+00 1.45912168e+01 9.99967834e-01
2.63630500e+00 1.52363780e+01 9.99857926e-01
2.63630500e+00 1.58815393e+01 9.99372716e-01
2.63630500e+00 1.65267006e+01 9.97235000e-01
2.63630500e+00 1.71718619e+01 9.87900369e-01
2.63630500e+00 1.78170232e+01 9.48674017e-01
2.63630500e+00 1.84621845e+01 8.07108361e-01
2.63630500e+00 1.91073458e+01 4.86450965e-01
2.63630500e+00 1.97525071e+01 1.76571885e-01
2.63630500e+00 2.03976684e+01 4.62964784e-02
2.63630500e+00 2.10428297e+01 1.08699285e-02
2.63630500e+00 2.16879910e+01 2.48160641e-03
2.63630500e+00 2.23331522e+01 5.62867510e-04
2.63630500e+00 2.29783135e+01 1.27477648e-04
2.63630500e+00 2.36234748e+01 2.88612798e-05
2.63630500e+00 2.42686361e+01 6.53377224e-06
2.63630500e+00 2.49137974e+01 1.47912506e-06
2.63630500e+00 2.55589587e+01 3.34845219e-07
2.63630500e+00 2.62041200e+01 7.58023945e-08

2.74994625e+00 6.20411998e+00 1.00000000e+00
2.74994625e+00 6.84928127e+00 1.00000000e+00
2.74994625e+00 7.49444256e+00 1.00000000e+00
2.74994625e+00 8.13960385e+00 1.00000000e+00
2.74994625e+00 8.78476514e+00 1.00000000e+00
2.74994625e+00 9.42992643e+00 1.00000000e+00
2.74994625e+00 1.00750877e+01 9.99999999e-01
2.74994625e+00 1.07202490e+01 9.99999997e-01
2.74994625e+00 1.13654103e+01 9.99999987e-01
2.74994625e+00 1.20105716e+01 9.99999943e-01
2.74994625e+00 1.26557329e+01 9.99999750e-01
2.74994625e+00 1.33008942e+01 9.99998894e-01
2.74994625e+00 1.39460555e+01 9.99995115e-01
2.74994625e+00 1.45912168e+01 9.99978422e-01
2.74994625e+00 1.52363780e+01 9.99904692e-01
2.74994625e+00 1.58815393e+01 9.99579127e-01
2.74994625e+00 1.65267006e+01 9.98143529e-01
2.74994625e+00 1.71718619e+01 9.91851025e-01
2.74994625e+00 1.78170232e+01 9.64978442e-01
2.74994625e+00 1.84621845e+01 8.61833568e-01
2.74994625e+00 1.91073458e+01 5.85420204e-01
2.74994625e+00 1.97525071e+01 2.42233280e-01
2.74994625e+00 2.03976684e+01 6.74829085e-02
2.74994625e+00 2.10428297e+01 1.61182763e-02
2.74994625e+00 2.16879910e+01 3.69493455e-03
2.74994625e+00 2.23331522e+01 8.38858398e-04
2.74994625e+00 2.29783135e+01 1.90024368e-04
2.74994625e+00 2.36234748e+01 4.30241060e-05
2.74994625e+00 2.42686361e+01 9.74013598e-06
2.74994625e+00 2.49137974e+01 2.20499192e-06
2.74994625e+00 2.55589587e+01 4.99167674e-07
2.74994625e+00 2.62041200e+01 1.13001792e-07

2.86358750e+00 6.20411998e+00 1.00000000e+00
2.86358750e+00 6.84928127e+00 1.00000000e+00
2.86358750e+00 7.49444256e+00 1.00000000e+00
2.86358750e+00 8.13960385e+00 1.00000000e+00
2.86358750e+00 8.78476514e+00 1.00000000e+00
2.86358750e+00 9.42992643e+00 1.00000000e+00
2.86358750e+00 1.00750877e+01 1.00000000e+00
2.86358750e+00 1.07202490e+01 9.99999998e-01
2.86358750e+00 1.13654103e+01 9.99999991e-01
2.86358750e+00 1.20105716e+01 9.99999962e-01
2.86358750e+00 1.26557329e+01 9.99999832e-01
2.86358750e+00 1.33008942e+01 9.99999257e-01
2.86358750e+00 1.39460555e+01 9.99996719e-01
2.86358750e+00 1.45912168e+01 9.99985506e-01
2.86358750e+00 1.52363780e+01 9.99935980e-01
2.86358750e+00 1.58815393e+01 9.99717264e-01
2.86358750e+00 1.65267006e+01 9.98752263e-01
2.86358750e+00 1.71718619e+01 9.94511717e-01
2.86358750e+00 1.78170232e+01 9.76202690e-01
2.86358750e+00 1.84621845e+01 9.02784958e-01
2.86358750e+00 1.91073458e+01 6.77655930e-01
2.86358750e+00 1.97525071e+01 3.22453640e-01
2.86358750e+00 2.03976684e+01 9.72590698e-02
2.86358750e+00 2.10428297e+01 2.38089642e-02
2.86358750e+00 2.16879910e+01 5.49102101e-03
2.86358750e+00 2.23331522e+01 1.24836220e-03
2.86358750e+00 2.29783135e+01 2.82877853e-04
2.86358750e+00 2.36234748e+01 6.40520019e-05
2.86358750e+00 2.42686361e+01 1.45008326e-05
2.86358750e+00 2.49137974e+01 3.28274025e-06
2.86358750e+00 2.55589587e+01 7.43149744e-07
2.86358750e+00 2.62041200e+01 1.68234589e-07

2.97722875e+00 6.20411998e+00 1.00000000e+00
2.97722875e+00 6.84928127e+00 1.00000000e+00
2.97722875e+00 7.49444256e+00 1.00000000e+00
2.97722875e+00 8.13960385e+00 1.00000000e+00
2.97722875e+00 8.78476514e+00 1.00000000e+00
2.97722875e+00 9.42992643e+00 1.00000000e+00
2.97722875e+00 1.00750877e+01 1.00000000e+00
2.97722875e+00 1.07202490e+01 9.99999999e-01
2.97722875e+00 1.13654103e+01 9.99999994e-01
2.97722875e+00 1.20105716e+01 9.99999974e-01
2.97722875e+00 1.26557329e+01 9.99999887e-01
2.97722875e+00 1.33008942e+01 9.99999501e-01
2.97722875e+00 1.39460555e+01 9.99997794e-01
2.97722875e+00 1.45912168e+01 9.99990254e-01
2.97722875e+00 1.52363780e+01 9.99956949e-01
2.97722875e+00 1.58815393e+01 9.99809859e-01
2.97722875e+00 1.65267006e+01 9.99160627e-01
2.97722875e+00 1.71718619e+01 9.96302806e-01
2.97722875e+00 1.78170232e+01 9.83871992e-01
2.97722875e+00 1.84621845e+01 9.32478477e-01
2.97722875e+00 1.91073458e+01 7.57654099e-01
2.97722875e+00 1.97525071e+01 4.14430917e-01
2.97722875e+00 2.03976684e+01 1.38093400e-01
2.97722875e+00 2.10428297e+01 3.50008319e-02
2.97722875e+00 2.16879910e+01 8.14401855e-03
2.97722875e+00 2.23331522e+01 1.85533500e-03
2.97722875e+00 2.29783135e+01 4.20615088e-04
2.97722875e+00 2.36234748e+01 9.52499810e-05
2.97722875e+00 2.42686361e+01 2.15643122e-05
2.97722875e+00 2.49137974e+01 4.88181779e-06
2.97722875e+00 2.55589587e+01 1.10515175e-06
2.97722875e+00 2.62041200e+01 2.50184844e-07

3.09087000e+00 6.20411998e+00 1.00000000e+00
3.09087000e+00 6.84928127e+00 1.00000000e+00
3.09087000e+00 7.49444256e+00 1.00000000e+00
3.09087000e+00 8.13960385e+00 1.00000000e+00
3.09087000e+00 8.78476514e+00 1.00000000e+00
3.09087000e+00 9.42992643e+00 1.00000000e+00
3.09087000e+00 1.00750877e+01 1.00000000e+00
3.09087000e+00 1.07202490e+01 9.99999999e-01
3.09087000e+00 1.13654103e+01 9.99999996e-01
3.09087000e+00 1.20105716e+01 9.99999983e-01
3.09087000e+00 1.26557329e+01 9.99999924e-01
3.09087000e+00 1.33008942e+01 9.99999664e-01
3.09087000e+00 1.39460555e+01 9.99998515e-01
3.09087000e+00 1.45912168e+01 9.99993440e-01
3.09087000e+00 1.52363780e+01 9.99971024e-01
3.09087000e+00 1.58815393e+01 9.99872016e-01
3.09087000e+00 1.65267006e+01 9.99434899e-01
3.09087000e+00 1.71718619e+01 9.97508564e-01
3.09087000e+00 1.78170232e+01 9.89087378e-01
3.09087000e+00 1.84621845e+01 9.53528221e-01
3.09087000e+00 1.91073458e+01 8.22851158e-01
3.09087000e+00 1.97525071e+01 5.12558924e-01
3.09087000e+00 2.03976684e+01 1.92275390e-01
3.09087000e+00 2.10428297e+01 5.11333535e-02
3.09087000e+00 2.16879910e+01 1.20523501e-02
3.09087000e+00 2.23331522e+01 2.75409411e-03
3.09087000e+00 2.29783135e+01 6.24803984e-04
3.09087000e+00 2.36234748e+01 1.41511740e-04
3.09087000e+00 2.42686361e+01 3.20389835e-05
3.09087000e+00 2.49137974e+01 7.25317578e-06
3.09087000e+00 2.55589587e+01 1.64198562e-06
3.09087000e+00 2.62041200e+01 3.71713737e-07

3.20451125e+00 6.20411998e+00 1.00000000e+00
3.20451125e+00 6.84928127e+00 1.00000000e+00
3.20451125e+00 7.49444256e+00 1.00000000e+00
3.20451125e+00 8.13960385e+00 1.00000000e+00
3.20451125e+00 8.78476514e+00 1.00000000e+00
3.20451125e+00 9.42992643e+00 1.00000000e+00
3.20451125e+00 1.00750877e+01 1.00000000e+00
3.20451125e+00 1.07202490e+01 9.99999999e-01
3.20451125e+00 1.13654103e+01 9.99999997e-01
3.20451125e+00 1.20105716e+01 9.99999988e-01
3.20451125e+00 1.26557329e+01 9.99999949e-01
3.20451125e+00 1.33008942e+01 9.99999774e-01
3.20451125e+00 1.39460555e+01 9.99999000e-01
3.20451125e+00 1.45912168e+01 9.99995582e-01
3.20451125e+00 1.52363780e+01 9.99980483e-01
3.20451125e+00 1.58815393e+01 9.99913792e-01
3.20451125e+00 1.65267006e+01 9.99619303e-01
3.20451125e+00 1.71718619e+01 9.98320513e-01
3.20451125e+00 1.78170232e+01 9.92623463e-01
3.20451125e+00 1.84621845e+01 9.68216499e-01
3.20451125e+00 1.91073458e+01 8.73356705e-01
3.20451125e+00 1.97525071e+01 6.09552334e-01
3.20451125e+00 2.03976684e+01 2.61129175e-01
3.20451125e+00 2.10428297e+01 7.40796966e-02
3.20451125e+00 2.16879910e+01 1.77897063e-02
3.20451125e+00 2.23331522e+01 4.08343796e-03
3.20451125e+00 2.29783135e+01 9.27339569e-04
3.20451125e+00 2.36234748e+01 2.10082163e-04
3.20451125e+00 2.42686361e+01 4.75662022e-05
3.20451125e+00 2.49137974e+01 1.07684493e-05
3.20451125e+00 2.55589587e+01 2.43778554e-06
3.20451125e+00 2.62041200e+01 5.51867763e-07

3.31815250e+00 6.20411998e+00 1.00000000e+00
3.31815250e+00 6.84928127e+00 1.00000000e+00
3.31815250e+00 7.49444256e+00 1.00000000e+00
3.31815250e+00 8.13960385e+00 1.00000000e+00
3.31815250e+00 8.78476514e+00 1.00000000e+00
3.31815250e+00 9.42992643e+00 1.00000000e+00
3.31815250e+00 1.00750877e+01 1.00000000e+00
3.31815250e+00 1.07202490e+01 1.00000000e+00
3.31815250e+00 1.13654103e+01 9.99999998e-01
3.31815250e+00 1.20105716e+01 9.99999992e-01
3.31815250e+00 1.26557329e+01 9.99999965e-01
3.31815250e+00 1.33008942e+01 9.99999847e-01
3.31815250e+00 1.39460555e+01 9.99999326e-01
3.31815250e+00 1.45912168e+01 9.99997022e-01
3.31815250e+00 1.52363780e+01 9.99986846e-01
3.31815250e+00 1.58815393e+01 9.99941898e-01
3.31815250e+00 1.65267006e+01 9.99743396e-01
3.31815250e+00 1.71718619e+01 9.98867485e-01
3.31815250e+00 1.78170232e+01 9.95016578e-01
3.31815250e+00 1.84621845e+01 9.78355122e-01
3.31815250e+00 1.91073458e+01 9.10972315e-01
3.31815250e+00 1.97525071e+01 6.98470766e-01
3.31815250e+00 2.03976684e+01 3.44001516e-01
3.31815250e+00 2.10428297e+01 1.06115240e-01
3.31815250e+00 2.16879910e+01 2.61708430e-02
3.31815250e+00 2.23331522e+01 6.04699348e-03
3.31815250e+00 2.29783135e+01 1.37535446e-03
3.31815250e+00 2.36234748e+01 3.11684844e-04
3.31815250e+00 2.42686361e+01 7.05763389e-05
3.31815250e+00 2.49137974e+01 1.59779681e-05
3.31815250e+00 2.55589587e+01 3.61714257e-06
3.31815250e+00 2.62041200e+01 8.18852259e-07

3.43179375e+00 6.20411998e+00 1.00000000e+00
3.43179375e+00 6.84928127e+00 1.00000000e+00
3.43179375e+00 7.49444256e+00 1.00000000e+00
3.43179375e+00 8.13960385e+00 1.00000000e+00
3.43179375e+00 8.78476514e+00 1.00000000e+00
3.43179375e+00 9.42992643e+00 1.00000000e+00
3.43179375e+00 1.00750877e+01 1.00000000e+00
3.43179375e+00 1.07202490e+01 1.00000000e+00
3.43179375e+00 1.13654103e+01 9.99999999e-01
3.43179375e+00 1.20105716e+01 9.99999995e-01
3.43179375e+00 1.26557329e+01 9.99999977e-01
3.43179375e+00 1.33008942e+01 9.99999897e-01
3.43179375e+00 1.39460555e+01 9.99999545e-01
3.43179375e+00 1.45912168e+01 9.99997992e-01
3.43179375e+00 1.52363780e+01 9.99991131e-01
3.43179375e+00 1.58815393e+01 9.99960823e-01
3.43179375e+00 1.65267006e+01 9.99826966e-01
3.43179375e+00 1.71718619e+01 9.99236102e-01
3.43179375e+00 1.78170232e+01 9.96634384e-01
3.43179375e+00 1.84621845e+01 9.85301964e-01
3.43179375e+00 1.91073458e+01 9.38178875e-01
3.43179375e+00 1.97525071e+01 7.74545269e-01
3.43179375e+00 2.03976684e+01 4.37483359e-01
3.43179375e+00 2.10428297e+01 1.49704470e-01
3.43179375e+00 2.16879910e+01 3.83292218e-02
3.43179375e+00 2.23331522e+01 8.94213668e-03
3.43179375e+00 2.29783135e+01 2.03842540e-03
3.43179375e+00 2.36234748e+01 4.62188291e-04
3.43179375e+00 2.42686361e+01 1.04667768e-04
3.43179375e+00 2.49137974e+01 2.36966437e-05
3.43179375e+00 2.55589587e+01 5.36455264e-06
3.43179375e+00 2.62041200e+01 1.21443429e-06

3.54543500e+00 6.20411998e+00 1.00000000e+00
3.54543500e+00 6.84928127e+00 1.00000000e+00
3.54543500e+00 7.49444256e+00 1.00000000e+00
3.54543500e+00 8.13960385e+00 1.00000000e+00
3.54543500e+00 8.78476514e+00 1.00000000e+00
3.54543500e+00 9.42992643e+00 1.00000000e+00
3.54543500e+00 1.00750877e+01 1.00000000e+00
3.54543500e+00 1.07202490e+01 1.00000000e+00
3.54543500e+00 1.13654103e+01 9.99999999e-01
3.54543500e+00 1.20105716e+01 9.99999996e-01
3.54543500e+00 1.26557329e+01 9.99999984e-01
3.54543500e+00 1.33008942e+01 9.99999931e-01
3.54543500e+00 1.39460555e+01 9.99999693e-01
3.54543500e+00 1.45912168e+01 9.99998646e-01
3.54543500e+00 1.52363780e+01 9.99994018e-01
3.54543500e+00 1.58815393e+01 9.99973575e-01
3.54543500e+00 1.65267006e+01 9.99883280e-01
3.54543500e+00 1.71718619e+01 9.99484613e-01
3.54543500e+00 1.78170232e+01 9.97727361e-01
3.54543500e+00 1.84621845e+01 9.90038338e-01
3.54543500e+00 1.91073458e+01 9.57444595e-01
3.54543500e+00 1.97525071e+01 8.35884805e-01
3.54543500e+00 2.03976684e+01 5.35535848e-01
3.54543500e+00 2.10428297e+01 2.06991646e-01
3.54543500e+00 2.16879910e+01 5.57931538e-02
3.54543500e+00 2.23331522e+01 1.32002305e-02
3.54543500e+00 2.29783135e+01 3.01910364e-03
3.54543500e+00 2.36234748e+01 6.85065777e-04
3.54543500e+00 2.42686361e+01 1.55167660e-04
3.54543500e+00 2.49137974e+01 3.51311249e-05
3.54543500e+00 2.55589587e+01 7.95321220e-06
3.54543500e+00 2.62041200e+01 1.80046197e-06

3.65907625e+00 6.20411998e+00 1.00000000e+00
3.65907625e+00 6.84928127e+00 1.00000000e+00
3.65907625e+00 7.49444256e+00 1.00000000e+00
3.65907625e+00 8.13960385e+00 1.00000000e+00
3.65907625e+00 8.78476514e+00 1.00000000e+00
3.65907625e+00 9.42992643e+00 1.00000000e+00
3.65907625e+00 1.00750877e+01 1.00000000e+00
3.65907625e+00 1.07202490e+01 1.00000000e+00
3.65907625e+00 1.13654103e+01 9.99999999e-01
3.65907625e+00 1.20105716e+01 9.99999998e-01
3.65907625e+00 1.26557329e+01 9.99999989e-01
3.65907625e+00 1.33008942e+01 9.99999953e-01
3.65907625e+00 1.39460555e+01 9.99999793e-01
3.65907625e+00 1.45912168e+01 9.99999086e-01
3.65907625e+00 1.52363780e+01 9.99995964e-01
3.65907625e+00 1.58815393e+01 9.99982170e-01
3.65907625e+00 1.65267006e+01 9.99921246e-01
3.65907625e+00 1.71718619e+01 9.99652208e-01
3.65907625e+00 1.78170232e+01 9.98465506e-01
3.65907625e+00 1.84621845e+01 9.93256972e-01
3.65907625e+00 1.91073458e+01 9.70884635e-01
3.65907625e+00 1.97525071e+01 8.83025987e-01
3.65907625e+00 2.03976684e+01 6.30849770e-01
3.65907625e+00 2.10428297e+01 2.78950246e-01
3.65907625e+00 2.16879910e+01 8.05266055e-02
3.65907625e+00 2.23331522e+01 1.94407395e-02
3.65907625e+00 2.29783135e+01 4.46820182e-03
3.65907625e+00 2.36234748e+01 1.01502167e-03
3.65907625e+00 2.42686361e+01 2.29961526e-04
3.65907625e+00 2.49137974e+01 5.20680317e-05
3.65907625e+00 2.55589587e+01 1.17876536e-05
3.65907625e+00 2.62041200e+01 2.66851737e-06

3.77271750e+00 6.20411998e+00 1.00000000e+00
3.77271750e+00 6.84928127e+00 1.00000000e+00
3.77271750e+00 7.49444256e+00 1.00000000e+00
3.77271750e+00 8.13960385e+00 1.00000000e+00
3.77271750e+00 8.78476514e+00 1.00000000e+00
3.77271750e+00 9.42992643e+00 1.00000000e+00
3.77271750e+00 1.00750877e+01 1.00000000e+00
3.77271750e+00 1.07202490e+01 1.00000000e+00
3.77271750e+00 1.13654103e+01 1.00000000e+00
3.77271750e+00 1.20105716e+01 9.99999998e-01
3.77271750e+00 1.26557329e+01 9.99999993e-01
3.77271750e+00 1.33008942e+01 9.99999968e-01
3.77271750e+00 1.39460555e+01 9.99999860e-01
3.77271750e+00 1.45912168e+01 9.99999383e-01
3.77271750e+00 1.52363780e+01 9.99997276e-01
3.77271750e+00 1.58815393e+01 9.99987968e-01
3.77271750e+00 1.65267006e+01 9.99946851e-01
3.77271750e+00 1.71718619e+01 9.99765265e-01
3.77271750e+00 1.78170232e+01 9.98963924e-01
3.77271750e+00 1.84621845e+01 9.95439442e-01
3.77271750e+00 1.91073458e+01 9.80163594e-01
3.77271750e+00 1.97525071e+01 9.17938527e-01
3.77271750e+00 2.03976684e+01 7.16897330e-01
3.77271750e+00 2.10428297e+01 3.64377189e-01
3.77271750e+00 2.16879910e+01 1.14867859e-01
3.77271750e+00 2.23331522e+01 2.85400051e-02
3.77271750e+00 2.29783135e+01 6.60676764e-03
3.77271750e+00 2.36234748e+01 1.50332600e-03
3.77271750e+00 2.42686361e+01 3.40719710e-04
3.77271750e+00 2.49137974e+01 7.71525806e-05
3.77271750e+00 2.55589587e+01 1.74668700e-05
3.77271750e+00 2.62041200e+01 3.95420943e-06

3.88635875e+00 6.20411998e+00 1.00000000e+00
3.88635875e+00 6.84928127e+00 1.00000000e+00
3.88635875e+00 7.49444256e+00 1.00000000e+00
3.88635875e+00 8.13960385e+00 1.00000000e+00
3.88635875e+00 8.78476514e+00 1.00000000e+00
3.88635875e+00 9.42992643e+00 1.00000000e+00
3.88635875e+00 1.00750877e+01 1.00000000e+00
3.88635875e+00 1.07202490e+01 1.00000000e+00
3.88635875e+00 1.13654103e+01 1.00000000e+00
3.88635875e+00 1.20105716e+01 9.99999999e-01
3.88635875e+00 1.26557329e+01 9.99999995e-01
3.88635875e+00 1.33008942e+01 9.99999979e-01
3.88635875e+00 1.39460555e+01 9.99999906e-01
3.88635875e+00 1.45912168e+01 9.99999584e-01
3.88635875e+00 1.52363780e+01 9.99998161e-01
3.88635875e+00 1.58815393e+01 9.99991878e-01
3.88635875e+00 1.65267006e+01 9.99964125e-01
3.88635875e+00 1.71718619e+01 9.99841549e-01
3.88635875e+00 1.78170232e+01 9.99300444e-01
3.88635875e+00 1.84621845e+01 9.96917190e-01
3.88635875e+00 1.91073458e+01 9.86524135e-01
3.88635875e+00 1.97525071e+01 9.43093116e-01
3.88635875e+00 2.03976684e+01 7.89549147e-01
3.88635875e+00 2.10428297e+01 4.59258320e-01
3.88635875e+00 2.16879910e+01 1.61262054e-01
3.88635875e+00 2.23331522e+01 4.17101263e-02
3.88635875e+00 2.29783135e+01 9.75719559e-03
3.88635875e+00 2.36234748e+01 2.22563717e-03
3.88635875e+00 2.42686361e+01 5.04709509e-04
3.88635875e+00 2.49137974e+01 1.14300940e-04
3.88635875e+00 2.55589587e+01 2.58777740e-05
3.88635875e+00 2.62041200e+01 5.85833658e-06

4.00000000e+00 6.20411998e+00 1.00000000e+00
4.00000000e+00 6.84928127e+00 1.00000000e+00
4.00000000e+00 7.49444256e+00 1.00000000e+00
4.00000000e+00 8.13960385e+00 1.00000000e+00
4.00000000e+00 8.78476514e+00 1.00000000e+00
4.00000000e+00 9.42992643e+00 1.00000000e+00
4.00000000e+00 1.00750877e+01 1.00000000e+00
4.00000000e+00 1.07202490e+01 1.00000000e+00
4.00000000e+00 1.13654103e+01 1.00000000e+00
4.00000000e+00 1.20105716e+01 9.99999999e-01
4.00000000e+00 1.26557329e+01 9.99999997e-01
4.00000000e+00 1.33008942e+01 9.99999986e-01
4.00000000e+00 1.39460555e+01 9.99999936e-01
4.00000000e+00 1.45912168e+01 9.99999719e-01
4.00000000e+00 1.52363780e+01 9.99998759e-01
4.00000000e+00 1.58815393e+01 9.99994517e-01
4.00000000e+00 1.65267006e+01 9.99975782e-01
4.00000000e+00 1.71718619e+01 9.99893030e-01
4.00000000e+00 1.78170232e+01 9.99527650e-01
4.00000000e+00 1.84621845e+01 9.97916832e-01
4.00000000e+00 1.91073458e+01 9.90862973e-01
4.00000000e+00 1.97525071e+01 9.60860700e-01
4.00000000e+00 2.03976684e+01 8.47504828e-01
4.00000000e+00 2.10428297e+01 5.57155290e-01
4.00000000e+00 2.16879910e+01 2.21678087e-01
4.00000000e+00 2.23331522e+01 6.05711881e-02
4.00000000e+00 2.29783135e+01 1.43862525e-02
4.00000000e+00 2.36234748e+01 3.29341881e-03
4.00000000e+00 2.42686361e+01 7.47469717e-04
4.00000000e+00 2.49137974e+01 1.69310354e-04
4.00000000e+00 2.55589587e+01 3.83335567e-05
4.00000000e+00 2.62041200e+01 8.67822100e-06

