# This file contains the table for O cooling 
# scaling factors as a function of density and temperature 
# for optically thick regimes 
# Generated by Piyush Sharda in 2026 using Despotic 
# The 1st column is log10(Tgas/K) 
# The 2nd column is log10(NO/cm^-2) 
# The last is the scaling factor to be multiplied to O cooling 
# Note that the scaling factors for this file are calculated under LTE = True, thin=False 
# assuming density = 1000 cm^-3
32,32
4.77121255e-01 6.50514998e+00 1.00000000e+00
4.77121255e-01 7.15031127e+00 1.00000000e+00
4.77121255e-01 7.79547256e+00 9.99999999e-01
4.77121255e-01 8.44063385e+00 9.99999997e-01
4.77121255e-01 9.08579514e+00 9.99999986e-01
4.77121255e-01 9.73095643e+00 9.99999937e-01
4.77121255e-01 1.03761177e+01 9.99999720e-01
4.77121255e-01 1.10212790e+01 9.99998763e-01
4.77121255e-01 1.16664403e+01 9.99994537e-01
4.77121255e-01 1.23116016e+01 9.99975867e-01
4.77121255e-01 1.29567629e+01 9.99893405e-01
4.77121255e-01 1.36019242e+01 9.99529303e-01
4.77121255e-01 1.42470855e+01 9.97924110e-01
4.77121255e-01 1.48922468e+01 9.90894673e-01
4.77121255e-01 1.55374080e+01 9.60992396e-01
4.77121255e-01 1.61825693e+01 8.47957590e-01
4.77121255e-01 1.68277306e+01 5.58020540e-01
4.77121255e-01 1.74728919e+01 2.22283856e-01
4.77121255e-01 1.81180532e+01 6.07710826e-02
4.77121255e-01 1.87632145e+01 1.44360716e-02
4.77121255e-01 1.94083758e+01 3.30495261e-03
4.77121255e-01 2.00535371e+01 7.50094122e-04
4.77121255e-01 2.06986984e+01 1.69905157e-04
4.77121255e-01 2.13438597e+01 3.84682437e-05
4.77121255e-01 2.19890209e+01 8.70871330e-06
4.77121255e-01 2.26341822e+01 1.97149477e-06
4.77121255e-01 2.32793435e+01 4.46308339e-07
4.77121255e-01 2.39245048e+01 1.01035469e-07
4.77121255e-01 2.45696661e+01 2.28724458e-08
4.77121255e-01 2.52148274e+01 5.17787227e-09
4.77121255e-01 2.58599887e+01 1.17216860e-09
4.77121255e-01 2.65051500e+01 2.65356030e-10

5.90762505e-01 6.50514998e+00 1.00000000e+00
5.90762505e-01 7.15031127e+00 1.00000000e+00
5.90762505e-01 7.79547256e+00 9.99999999e-01
5.90762505e-01 8.44063385e+00 9.99999997e-01
5.90762505e-01 9.08579514e+00 9.99999987e-01
5.90762505e-01 9.73095643e+00 9.99999944e-01
5.90762505e-01 1.03761177e+01 9.99999754e-01
5.90762505e-01 1.10212790e+01 9.99998915e-01
5.90762505e-01 1.16664403e+01 9.99995207e-01
5.90762505e-01 1.23116016e+01 9.99978826e-01
5.90762505e-01 1.29567629e+01 9.99906476e-01
5.90762505e-01 1.36019242e+01 9.99587004e-01
5.90762505e-01 1.42470855e+01 9.98178227e-01
5.90762505e-01 1.48922468e+01 9.92002392e-01
5.90762505e-01 1.55374080e+01 9.65611661e-01
5.90762505e-01 1.61825693e+01 8.64069027e-01
5.90762505e-01 1.68277306e+01 5.90000316e-01
5.90762505e-01 1.74728919e+01 2.45719794e-01
5.90762505e-01 1.81180532e+01 6.86821776e-02
5.90762505e-01 1.87632145e+01 1.64207954e-02
5.90762505e-01 1.94083758e+01 3.76517599e-03
5.90762505e-01 2.00535371e+01 8.54851849e-04
5.90762505e-01 2.06986984e+01 1.93649720e-04
5.90762505e-01 2.13438597e+01 4.38450582e-05
5.90762505e-01 2.19890209e+01 9.92599613e-06
5.90762505e-01 2.26341822e+01 2.24706785e-06
5.90762505e-01 2.32793435e+01 5.08693083e-07
5.90762505e-01 2.39245048e+01 1.15158370e-07
5.90762505e-01 2.45696661e+01 2.60698047e-08
5.90762505e-01 2.52148274e+01 5.90190270e-09
5.90762505e-01 2.58599887e+01 1.33628605e-09
5.90762505e-01 2.65051500e+01 3.02720189e-10

7.04403754e-01 6.50514998e+00 1.00000000e+00
7.04403754e-01 7.15031127e+00 1.00000000e+00
7.04403754e-01 7.79547256e+00 9.99999999e-01
7.04403754e-01 8.44063385e+00 9.99999997e-01
7.04403754e-01 9.08579514e+00 9.99999989e-01
7.04403754e-01 9.73095643e+00 9.99999951e-01
7.04403754e-01 1.03761177e+01 9.99999784e-01
7.04403754e-01 1.10212790e+01 9.99999048e-01
7.04403754e-01 1.16664403e+01 9.99995794e-01
7.04403754e-01 1.23116016e+01 9.99981423e-01
7.04403754e-01 1.29567629e+01 9.99917945e-01
7.04403754e-01 1.36019242e+01 9.99637635e-01
7.04403754e-01 1.42470855e+01 9.98401287e-01
7.04403754e-01 1.48922468e+01 9.92976305e-01
7.04403754e-01 1.55374080e+01 9.69701161e-01
7.04403754e-01 1.61825693e+01 8.78717378e-01
7.04403754e-01 1.68277306e+01 6.21236773e-01
7.04403754e-01 1.74728919e+01 2.70766381e-01
7.04403754e-01 1.81180532e+01 7.75381084e-02
7.04403754e-01 1.87632145e+01 1.86732165e-02
7.04403754e-01 1.94083758e+01 4.28921098e-03
7.04403754e-01 2.00535371e+01 9.74225810e-04
7.04403754e-01 2.06986984e+01 2.20711990e-04
7.04403754e-01 2.13438597e+01 4.99734610e-05
7.04403754e-01 2.19890209e+01 1.13135192e-05
7.04403754e-01 2.26341822e+01 2.56125344e-06
7.04403754e-01 2.32793435e+01 5.79891267e-07
7.04403754e-01 2.39245048e+01 1.31348731e-07
7.04403754e-01 2.45696661e+01 2.98074622e-08
7.04403754e-01 2.52148274e+01 6.82051222e-09
7.04403754e-01 2.58599887e+01 1.61671849e-09
7.04403754e-01 2.65051500e+01 4.38681887e-10

8.18045004e-01 6.50514998e+00 1.00000000e+00
8.18045004e-01 7.15031127e+00 1.00000000e+00
8.18045004e-01 7.79547256e+00 1.00000000e+00
8.18045004e-01 8.44063385e+00 9.99999998e-01
8.18045004e-01 9.08579514e+00 9.99999990e-01
8.18045004e-01 9.73095643e+00 9.99999957e-01
8.18045004e-01 1.03761177e+01 9.99999811e-01
8.18045004e-01 1.10212790e+01 9.99999165e-01
8.18045004e-01 1.16664403e+01 9.99996310e-01
8.18045004e-01 1.23116016e+01 9.99983701e-01
8.18045004e-01 1.29567629e+01 9.99928007e-01
8.18045004e-01 1.36019242e+01 9.99682060e-01
8.18045004e-01 1.42470855e+01 9.98597073e-01
8.18045004e-01 1.48922468e+01 9.93832356e-01
8.18045004e-01 1.55374080e+01 9.73317772e-01
8.18045004e-01 1.61825693e+01 8.91984509e-01
8.18045004e-01 1.68277306e+01 6.51499133e-01
8.18045004e-01 1.74728919e+01 2.97359527e-01
8.18045004e-01 1.81180532e+01 8.74287403e-02
8.18045004e-01 1.87632145e+01 2.12279393e-02
8.18045004e-01 1.94083758e+01 4.88583133e-03
8.18045004e-01 2.00535371e+01 1.11025917e-03
8.18045004e-01 2.06986984e+01 2.51563430e-04
8.18045004e-01 2.13438597e+01 5.69666164e-05
8.18045004e-01 2.19890209e+01 1.29032071e-05
8.18045004e-01 2.26341822e+01 2.92757838e-06
8.18045004e-01 2.32793435e+01 6.69264492e-07
8.18045004e-01 2.39245048e+01 1.58025146e-07
8.18045004e-01 2.45696661e+01 4.22904872e-08
8.18045004e-01 2.52148274e+01 1.60904198e-08
8.18045004e-01 2.58599887e+01 1.01592357e-08
8.18045004e-01 2.65051500e+01 8.81652051e-09

9.31686254e-01 6.50514998e+00 1.00000000e+00
9.31686254e-01 7.15031127e+00 1.00000000e+00
9.31686254e-01 7.79547256e+00 1.00000000e+00
9.31686254e-01 8.44063385e+00 9.99999998e-01
9.31686254e-01 9.08579514e+00 9.99999991e-01
9.31686254e-01 9.73095643e+00 9.99999962e-01
9.31686254e-01 1.03761177e+01 9.99999834e-01
9.31686254e-01 1.10212790e+01 9.99999267e-01
9.31686254e-01 1.16664403e+01 9.99996763e-01
9.31686254e-01 1.23116016e+01 9.99985700e-01
9.31686254e-01 1.29567629e+01 9.99936835e-01
9.31686254e-01 1.36019242e+01 9.99721040e-01
9.31686254e-01 1.42470855e+01 9.98768912e-01
9.31686254e-01 1.48922468e+01 9.94584642e-01
9.31686254e-01 1.55374080e+01 9.76513149e-01
9.31686254e-01 1.61825693e+01 9.03958991e-01
9.31686254e-01 1.68277306e+01 6.80586854e-01
9.31686254e-01 1.74728919e+01 3.25399218e-01
9.31686254e-01 1.81180532e+01 9.84465866e-02
9.31686254e-01 1.87632145e+01 2.41238305e-02
9.31686254e-01 1.94083758e+01 5.56522430e-03
9.31686254e-01 2.00535371e+01 1.26551197e-03
9.31686254e-01 2.06986984e+01 2.86975181e-04
9.31686254e-01 2.13438597e+01 6.51874548e-05
9.31686254e-01 2.19890209e+01 1.49654126e-05
9.31686254e-01 2.26341822e+01 3.59542885e-06
9.31686254e-01 2.32793435e+01 1.02145074e-06
9.31686254e-01 2.39245048e+01 4.38746473e-07
9.31686254e-01 2.45696661e+01 3.06821051e-07
9.31686254e-01 2.52148274e+01 2.76907248e-07
9.31686254e-01 2.58599887e+01 2.69923336e-07
9.31686254e-01 2.65051500e+01 2.67410352e-07

1.04532750e+00 6.50514998e+00 1.00000000e+00
1.04532750e+00 7.15031127e+00 1.00000000e+00
1.04532750e+00 7.79547256e+00 1.00000000e+00
1.04532750e+00 8.44063385e+00 9.99999998e-01
1.04532750e+00 9.08579514e+00 9.99999993e-01
1.04532750e+00 9.73095643e+00 9.99999967e-01
1.04532750e+00 1.03761177e+01 9.99999854e-01
1.04532750e+00 1.10212790e+01 9.99999357e-01
1.04532750e+00 1.16664403e+01 9.99997160e-01
1.04532750e+00 1.23116016e+01 9.99987454e-01
1.04532750e+00 1.29567629e+01 9.99944581e-01
1.04532750e+00 1.36019242e+01 9.99755243e-01
1.04532750e+00 1.42470855e+01 9.98919729e-01
1.04532750e+00 1.48922468e+01 9.95245624e-01
1.04532750e+00 1.55374080e+01 9.79334051e-01
1.04532750e+00 1.61825693e+01 9.14733176e-01
1.04532750e+00 1.68277306e+01 7.08334619e-01
1.04532750e+00 1.74728919e+01 3.54750135e-01
1.04532750e+00 1.81180532e+01 1.10687402e-01
1.04532750e+00 1.87632145e+01 2.74068778e-02
1.04532750e+00 1.94083758e+01 6.34171725e-03
1.04532750e+00 2.00535371e+01 1.44568827e-03
1.04532750e+00 2.06986984e+01 3.30618537e-04
1.04532750e+00 2.13438597e+01 7.78428489e-05
1.04532750e+00 2.19890209e+01 2.06014893e-05
1.04532750e+00 2.26341822e+01 7.64152394e-06
1.04532750e+00 2.32793435e+01 4.70434558e-06
1.04532750e+00 2.39245048e+01 4.02515998e-06
1.04532750e+00 2.45696661e+01 3.80985185e-06
1.04532750e+00 2.52148274e+01 3.51349763e-06
1.04532750e+00 2.58599887e+01 2.68144651e-06
1.04532750e+00 2.65051500e+01 1.31425694e-06

1.15896875e+00 6.50514998e+00 1.00000000e+00
1.15896875e+00 7.15031127e+00 1.00000000e+00
1.15896875e+00 7.79547256e+00 1.00000000e+00
1.15896875e+00 8.44063385e+00 9.99999999e-01
1.15896875e+00 9.08579514e+00 9.99999993e-01
1.15896875e+00 9.73095643e+00 9.99999971e-01
1.15896875e+00 1.03761177e+01 9.99999872e-01
1.15896875e+00 1.10212790e+01 9.99999436e-01
1.15896875e+00 1.16664403e+01 9.99997508e-01
1.15896875e+00 1.23116016e+01 9.99988993e-01
1.15896875e+00 1.29567629e+01 9.99951379e-01
1.15896875e+00 1.36019242e+01 9.99785259e-01
1.15896875e+00 1.42470855e+01 9.99052110e-01
1.15896875e+00 1.48922468e+01 9.95826362e-01
1.15896875e+00 1.55374080e+01 9.81822867e-01
1.15896875e+00 1.61825693e+01 9.24401473e-01
1.15896875e+00 1.68277306e+01 7.34617791e-01
1.15896875e+00 1.74728919e+01 3.85250154e-01
1.15896875e+00 1.81180532e+01 1.24259452e-01
1.15896875e+00 1.87632145e+01 3.11433372e-02
1.15896875e+00 1.94083758e+01 7.24711423e-03
1.15896875e+00 2.00535371e+01 1.67292890e-03
1.15896875e+00 2.06986984e+01 4.02336026e-04
1.15896875e+00 2.13438597e+01 1.14220892e-04
1.15896875e+00 2.19890209e+01 4.88477214e-05
1.15896875e+00 2.26341822e+01 3.35022747e-05
1.15896875e+00 2.32793435e+01 2.78626103e-05
1.15896875e+00 2.39245048e+01 2.01717208e-05
1.15896875e+00 2.45696661e+01 9.37566070e-06
1.15896875e+00 2.52148274e+01 2.79300990e-06
1.15896875e+00 2.58599887e+01 6.81069610e-07
1.15896875e+00 2.65051500e+01 1.56922813e-07

1.27261000e+00 6.50514998e+00 1.00000000e+00
1.27261000e+00 7.15031127e+00 1.00000000e+00
1.27261000e+00 7.79547256e+00 1.00000000e+00
1.27261000e+00 8.44063385e+00 9.99999999e-01
1.27261000e+00 9.08579514e+00 9.99999994e-01
1.27261000e+00 9.73095643e+00 9.99999975e-01
1.27261000e+00 1.03761177e+01 9.99999888e-01
1.27261000e+00 1.10212790e+01 9.99999505e-01
1.27261000e+00 1.16664403e+01 9.99997814e-01
1.27261000e+00 1.23116016e+01 9.99990344e-01
1.27261000e+00 1.29567629e+01 9.99957347e-01
1.27261000e+00 1.36019242e+01 9.99811612e-01
1.27261000e+00 1.42470855e+01 9.99168362e-01
1.27261000e+00 1.48922468e+01 9.96336781e-01
1.27261000e+00 1.55374080e+01 9.84018392e-01
1.27261000e+00 1.61825693e+01 9.33060156e-01
1.27261000e+00 1.68277306e+01 7.59359667e-01
1.27261000e+00 1.74728919e+01 4.16730516e-01
1.27261000e+00 1.81180532e+01 1.39307376e-01
1.27261000e+00 1.87632145e+01 3.54501128e-02
1.27261000e+00 1.94083758e+01 8.36182444e-03
1.27261000e+00 2.00535371e+01 2.01677707e-03
1.27261000e+00 2.06986984e+01 5.68059917e-04
1.27261000e+00 2.13438597e+01 2.35127004e-04
1.27261000e+00 2.19890209e+01 1.43431793e-04
1.27261000e+00 2.26341822e+01 8.33668030e-05
1.27261000e+00 2.32793435e+01 3.16436128e-05
1.27261000e+00 2.39245048e+01 8.50860693e-06
1.27261000e+00 2.45696661e+01 2.01264339e-06
1.27261000e+00 2.52148274e+01 4.60334167e-07
1.27261000e+00 2.58599887e+01 1.04455954e-07
1.27261000e+00 2.65051500e+01 2.36593971e-08

1.38625125e+00 6.50514998e+00 1.00000000e+00
1.38625125e+00 7.15031127e+00 1.00000000e+00
1.38625125e+00 7.79547256e+00 1.00000000e+00
1.38625125e+00 8.44063385e+00 9.99999999e-01
1.38625125e+00 9.08579514e+00 9.99999995e-01
1.38625125e+00 9.73095643e+00 9.99999978e-01
1.38625125e+00 1.03761177e+01 9.99999902e-01
1.38625125e+00 1.10212790e+01 9.99999566e-01
1.38625125e+00 1.16664403e+01 9.99998083e-01
1.38625125e+00 1.23116016e+01 9.99991532e-01
1.38625125e+00 1.29567629e+01 9.99962595e-01
1.38625125e+00 1.36019242e+01 9.99834790e-01
1.38625125e+00 1.42470855e+01 9.99270623e-01
1.38625125e+00 1.48922468e+01 9.96786104e-01
1.38625125e+00 1.55374080e+01 9.85957417e-01
1.38625125e+00 1.61825693e+01 9.40810850e-01
1.38625125e+00 1.68277306e+01 7.82546823e-01
1.38625125e+00 1.74728919e+01 4.49051348e-01
1.38625125e+00 1.81180532e+01 1.56039574e-01
1.38625125e+00 1.87632145e+01 4.05215786e-02
1.38625125e+00 1.94083758e+01 9.83793386e-03
1.38625125e+00 2.00535371e+01 2.60645475e-03
1.38625125e+00 2.06986984e+01 9.12282436e-04
1.38625125e+00 2.13438597e+01 4.11336544e-04
1.38625125e+00 2.19890209e+01 1.55610610e-04
1.38625125e+00 2.26341822e+01 4.29671087e-05
1.38625125e+00 2.32793435e+01 1.02660928e-05
1.38625125e+00 2.39245048e+01 2.35868487e-06
1.38625125e+00 2.45696661e+01 5.37156578e-07
1.38625125e+00 2.52148274e+01 1.21892082e-07
1.38625125e+00 2.58599887e+01 2.76127258e-08
1.38625125e+00 2.65051500e+01 6.25200130e-09

1.49989250e+00 6.50514998e+00 1.00000000e+00
1.49989250e+00 7.15031127e+00 1.00000000e+00
1.49989250e+00 7.79547256e+00 1.00000000e+00
1.49989250e+00 8.44063385e+00 9.99999999e-01
1.49989250e+00 9.08579514e+00 9.99999996e-01
1.49989250e+00 9.73095643e+00 9.99999981e-01
1.49989250e+00 1.03761177e+01 9.99999914e-01
1.49989250e+00 1.10212790e+01 9.99999620e-01
1.49989250e+00 1.16664403e+01 9.99998321e-01
1.49989250e+00 1.23116016e+01 9.99992584e-01
1.49989250e+00 1.29567629e+01 9.99967242e-01
1.49989250e+00 1.36019242e+01 9.99855311e-01
1.49989250e+00 1.42470855e+01 9.99361174e-01
1.49989250e+00 1.48922468e+01 9.97184241e-01
1.49989250e+00 1.55374080e+01 9.87680514e-01
1.49989250e+00 1.61825693e+01 9.47781705e-01
1.49989250e+00 1.68277306e+01 8.04299583e-01
1.49989250e+00 1.74728919e+01 4.82227921e-01
1.49989250e+00 1.81180532e+01 1.74780958e-01
1.49989250e+00 1.87632145e+01 4.66168183e-02
1.49989250e+00 1.94083758e+01 1.18311828e-02
1.49989250e+00 2.00535371e+01 3.43972774e-03
1.49989250e+00 2.06986984e+01 1.16388685e-03
1.49989250e+00 2.13438597e+01 3.48817649e-04
1.49989250e+00 2.19890209e+01 8.71891485e-05
1.49989250e+00 2.26341822e+01 2.02681659e-05
1.49989250e+00 2.32793435e+01 4.63673435e-06
1.49989250e+00 2.39245048e+01 1.06543400e-06
1.49989250e+00 2.45696661e+01 2.46145730e-07
1.49989250e+00 2.52148274e+01 5.63932739e-08
1.49989250e+00 2.58599887e+01 1.28145677e-08
1.49989250e+00 2.65051500e+01 2.90366839e-09

1.61353375e+00 6.50514998e+00 1.00000000e+00
1.61353375e+00 7.15031127e+00 1.00000000e+00
1.61353375e+00 7.79547256e+00 1.00000000e+00
1.61353375e+00 8.44063385e+00 9.99999999e-01
1.61353375e+00 9.08579514e+00 9.99999996e-01
1.61353375e+00 9.73095643e+00 9.99999983e-01
1.61353375e+00 1.03761177e+01 9.99999925e-01
1.61353375e+00 1.10212790e+01 9.99999669e-01
1.61353375e+00 1.16664403e+01 9.99998536e-01
1.61353375e+00 1.23116016e+01 9.99993535e-01
1.61353375e+00 1.29567629e+01 9.99971443e-01
1.61353375e+00 1.36019242e+01 9.99873867e-01
1.61353375e+00 1.42470855e+01 9.99443069e-01
1.61353375e+00 1.48922468e+01 9.97544528e-01
1.61353375e+00 1.55374080e+01 9.89243820e-01
1.61353375e+00 1.61825693e+01 9.54174950e-01
1.61353375e+00 1.68277306e+01 8.25042924e-01
1.61353375e+00 1.74728919e+01 5.16791902e-01
1.61353375e+00 1.81180532e+01 1.96177050e-01
1.61353375e+00 1.87632145e+01 5.40141656e-02
1.61353375e+00 1.94083758e+01 1.42389841e-02
1.61353375e+00 2.00535371e+01 4.04312204e-03
1.61353375e+00 2.06986984e+01 1.09385747e-03
1.61353375e+00 2.13438597e+01 2.64853007e-04
1.61353375e+00 2.19890209e+01 6.10695188e-05
1.61353375e+00 2.26341822e+01 1.39305328e-05
1.61353375e+00 2.32793435e+01 3.20083844e-06
1.61353375e+00 2.39245048e+01 7.55938744e-07
1.61353375e+00 2.45696661e+01 1.82587802e-07
1.61353375e+00 2.52148274e+01 4.30248578e-08
1.61353375e+00 2.58599887e+01 9.86663393e-09
1.61353375e+00 2.65051500e+01 2.24079465e-09

1.72717500e+00 6.50514998e+00 1.00000000e+00
1.72717500e+00 7.15031127e+00 1.00000000e+00
1.72717500e+00 7.79547256e+00 1.00000000e+00
1.72717500e+00 8.44063385e+00 9.99999999e-01
1.72717500e+00 9.08579514e+00 9.99999997e-01
1.72717500e+00 9.73095643e+00 9.99999985e-01
1.72717500e+00 1.03761177e+01 9.99999935e-01
1.72717500e+00 1.10212790e+01 9.99999715e-01
1.72717500e+00 1.16664403e+01 9.99998739e-01
1.72717500e+00 1.23116016e+01 9.99994432e-01
1.72717500e+00 1.29567629e+01 9.99975403e-01
1.72717500e+00 1.36019242e+01 9.99891356e-01
1.72717500e+00 1.42470855e+01 9.99520261e-01
1.72717500e+00 1.48922468e+01 9.97884310e-01
1.72717500e+00 1.55374080e+01 9.90721646e-01
1.72717500e+00 1.61825693e+01 9.60279253e-01
1.72717500e+00 1.68277306e+01 8.45590627e-01
1.72717500e+00 1.74728919e+01 5.54183190e-01
1.72717500e+00 1.81180532e+01 2.21578321e-01
1.72717500e+00 1.87632145e+01 6.30351405e-02
1.72717500e+00 1.94083758e+01 1.67004273e-02
1.72717500e+00 2.00535371e+01 4.33490744e-03
1.72717500e+00 2.06986984e+01 1.04484773e-03
1.72717500e+00 2.13438597e+01 2.40865198e-04
1.72717500e+00 2.19890209e+01 5.48464274e-05
1.72717500e+00 2.26341822e+01 1.25129819e-05
1.72717500e+00 2.32793435e+01 2.91142758e-06
1.72717500e+00 2.39245048e+01 7.16268701e-07
1.72717500e+00 2.45696661e+01 1.84848851e-07
1.72717500e+00 2.52148274e+01 4.54854876e-08
1.72717500e+00 2.58599887e+01 1.05821745e-08
1.72717500e+00 2.65051500e+01 2.41199916e-09

1.84081625e+00 6.50514998e+00 1.00000000e+00
1.84081625e+00 7.15031127e+00 1.00000000e+00
1.84081625e+00 7.79547256e+00 1.00000000e+00
1.84081625e+00 8.44063385e+00 9.99999999e-01
1.84081625e+00 9.08579514e+00 9.99999997e-01
1.84081625e+00 9.73095643e+00 9.99999988e-01
1.84081625e+00 1.03761177e+01 9.99999946e-01
1.84081625e+00 1.10212790e+01 9.99999760e-01
1.84081625e+00 1.16664403e+01 9.99998939e-01
1.84081625e+00 1.23116016e+01 9.99995313e-01
1.84081625e+00 1.29567629e+01 9.99979295e-01
1.84081625e+00 1.36019242e+01 9.99908547e-01
1.84081625e+00 1.42470855e+01 9.99596149e-01
1.84081625e+00 1.48922468e+01 9.98218524e-01
1.84081625e+00 1.55374080e+01 9.92178532e-01
1.84081625e+00 1.61825693e+01 9.66355012e-01
1.84081625e+00 1.68277306e+01 8.66793327e-01
1.84081625e+00 1.74728919e+01 5.96452199e-01
1.84081625e+00 1.81180532e+01 2.53294184e-01
1.84081625e+00 1.87632145e+01 7.43789291e-02
1.84081625e+00 1.94083758e+01 1.93972117e-02
1.84081625e+00 2.00535371e+01 4.74656640e-03
1.84081625e+00 2.06986984e+01 1.10321725e-03
1.84081625e+00 2.13438597e+01 2.51546807e-04
1.84081625e+00 2.19890209e+01 5.71655034e-05
1.84081625e+00 2.26341822e+01 1.30756071e-05
1.84081625e+00 2.32793435e+01 3.08142761e-06
1.84081625e+00 2.39245048e+01 7.89651571e-07
1.84081625e+00 2.45696661e+01 2.18481044e-07
1.84081625e+00 2.52148274e+01 5.64494758e-08
1.84081625e+00 2.58599887e+01 1.33569653e-08
1.84081625e+00 2.65051500e+01 3.05759183e-09

1.95445750e+00 6.50514998e+00 1.00000000e+00
1.95445750e+00 7.15031127e+00 1.00000000e+00
1.95445750e+00 7.79547256e+00 1.00000000e+00
1.95445750e+00 8.44063385e+00 9.99999999e-01
1.95445750e+00 9.08579514e+00 9.99999998e-01
1.95445750e+00 9.73095643e+00 9.99999990e-01
1.95445750e+00 1.03761177e+01 9.99999956e-01
1.95445750e+00 1.10212790e+01 9.99999805e-01
1.95445750e+00 1.16664403e+01 9.99999136e-01
1.95445750e+00 1.23116016e+01 9.99996185e-01
1.95445750e+00 1.29567629e+01 9.99983150e-01
1.95445750e+00 1.36019242e+01 9.99925570e-01
1.95445750e+00 1.42470855e+01 9.99671303e-01
1.95445750e+00 1.48922468e+01 9.98549674e-01
1.95445750e+00 1.55374080e+01 9.93625276e-01
1.95445750e+00 1.61825693e+01 9.72446065e-01
1.95445750e+00 1.68277306e+01 8.88841185e-01
1.95445750e+00 1.74728919e+01 6.44965579e-01
1.95445750e+00 1.81180532e+01 2.94322162e-01
1.95445750e+00 1.87632145e+01 8.95721714e-02
1.95445750e+00 1.94083758e+01 2.30907278e-02
1.95445750e+00 2.00535371e+01 5.50908143e-03
1.95445750e+00 2.06986984e+01 1.26629657e-03
1.95445750e+00 2.13438597e+01 2.87895682e-04
1.95445750e+00 2.19890209e+01 6.54116004e-05
1.95445750e+00 2.26341822e+01 1.49912592e-05
1.95445750e+00 2.32793435e+01 3.56407837e-06
1.95445750e+00 2.39245048e+01 9.41358135e-07
1.95445750e+00 2.45696661e+01 2.76631684e-07
1.95445750e+00 2.52148274e+01 7.50995581e-08
1.95445750e+00 2.58599887e+01 1.81053302e-08
1.95445750e+00 2.65051500e+01 4.16489028e-09

2.06809875e+00 6.50514998e+00 1.00000000e+00
2.06809875e+00 7.15031127e+00 1.00000000e+00
2.06809875e+00 7.79547256e+00 1.00000000e+00
2.06809875e+00 8.44063385e+00 1.00000000e+00
2.06809875e+00 9.08579514e+00 9.99999998e-01
2.06809875e+00 9.73095643e+00 9.99999992e-01
2.06809875e+00 1.03761177e+01 9.99999965e-01
2.06809875e+00 1.10212790e+01 9.99999847e-01
2.06809875e+00 1.16664403e+01 9.99999324e-01
2.06809875e+00 1.23116016e+01 9.99997016e-01
2.06809875e+00 1.29567629e+01 9.99986819e-01
2.06809875e+00 1.36019242e+01 9.99941776e-01
2.06809875e+00 1.42470855e+01 9.99742855e-01
2.06809875e+00 1.48922468e+01 9.98865110e-01
2.06809875e+00 1.55374080e+01 9.95006367e-01
2.06809875e+00 1.61825693e+01 9.78315293e-01
2.06809875e+00 1.68277306e+01 9.10883171e-01
2.06809875e+00 1.74728919e+01 6.98941403e-01
2.06809875e+00 1.81180532e+01 3.47406477e-01
2.06809875e+00 1.87632145e+01 1.10909418e-01
2.06809875e+00 1.94083758e+01 2.86422306e-02
2.06809875e+00 2.00535371e+01 6.77880508e-03
2.06809875e+00 2.06986984e+01 1.55301548e-03
2.06809875e+00 2.13438597e+01 3.52787981e-04
2.06809875e+00 2.19890209e+01 8.01503053e-05
2.06809875e+00 2.26341822e+01 1.83796858e-05
2.06809875e+00 2.32793435e+01 4.38261837e-06
2.06809875e+00 2.39245048e+01 1.17446003e-06
2.06809875e+00 2.45696661e+01 3.60961841e-07
2.06809875e+00 2.52148274e+01 1.03008705e-07
2.06809875e+00 2.58599887e+01 2.53793488e-08
2.06809875e+00 2.65051500e+01 5.87300651e-09

2.18174000e+00 6.50514998e+00 1.00000000e+00
2.18174000e+00 7.15031127e+00 1.00000000e+00
2.18174000e+00 7.79547256e+00 1.00000000e+00
2.18174000e+00 8.44063385e+00 1.00000000e+00
2.18174000e+00 9.08579514e+00 9.99999999e-01
2.18174000e+00 9.73095643e+00 9.99999994e-01
2.18174000e+00 1.03761177e+01 9.99999974e-01
2.18174000e+00 1.10212790e+01 9.99999885e-01
2.18174000e+00 1.16664403e+01 9.99999492e-01
2.18174000e+00 1.23116016e+01 9.99997755e-01
2.18174000e+00 1.29567629e+01 9.99990081e-01
2.18174000e+00 1.36019242e+01 9.99956187e-01
2.18174000e+00 1.42470855e+01 9.99806491e-01
2.18174000e+00 1.48922468e+01 9.99145776e-01
2.18174000e+00 1.55374080e+01 9.96237711e-01
2.18174000e+00 1.61825693e+01 9.83594068e-01
2.18174000e+00 1.68277306e+01 9.31418883e-01
2.18174000e+00 1.74728919e+01 7.55093820e-01
2.18174000e+00 1.81180532e+01 4.13657926e-01
2.18174000e+00 1.87632145e+01 1.41073430e-01
2.18174000e+00 1.94083758e+01 3.70223568e-02
2.18174000e+00 2.00535371e+01 8.77069554e-03
2.18174000e+00 2.06986984e+01 2.00891993e-03
2.18174000e+00 2.13438597e+01 4.56297902e-04
2.18174000e+00 2.19890209e+01 1.03645821e-04
2.18174000e+00 2.26341822e+01 2.37493881e-05
2.18174000e+00 2.32793435e+01 5.64877724e-06
2.18174000e+00 2.39245048e+01 1.51152854e-06
2.18174000e+00 2.45696661e+01 4.77004350e-07
2.18174000e+00 2.52148274e+01 1.43194867e-07
2.18174000e+00 2.58599887e+01 3.62396946e-08
2.18174000e+00 2.65051500e+01 8.45194069e-09

2.29538125e+00 6.50514998e+00 1.00000000e+00
2.29538125e+00 7.15031127e+00 1.00000000e+00
2.29538125e+00 7.79547256e+00 1.00000000e+00
2.29538125e+00 8.44063385e+00 1.00000000e+00
2.29538125e+00 9.08579514e+00 9.99999999e-01
2.29538125e+00 9.73095643e+00 9.99999996e-01
2.29538125e+00 1.03761177e+01 9.99999981e-01
2.29538125e+00 1.10212790e+01 9.99999916e-01
2.29538125e+00 1.16664403e+01 9.99999630e-01
2.29538125e+00 1.23116016e+01 9.99998365e-01
2.29538125e+00 1.29567629e+01 9.99992779e-01
2.29538125e+00 1.36019242e+01 9.99968101e-01
2.29538125e+00 1.42470855e+01 9.99859108e-01
2.29538125e+00 1.48922468e+01 9.99377937e-01
2.29538125e+00 1.55374080e+01 9.97258034e-01
2.29538125e+00 1.61825693e+01 9.88001622e-01
2.29538125e+00 1.68277306e+01 9.49111465e-01
2.29538125e+00 1.74728919e+01 8.08848565e-01
2.29538125e+00 1.81180532e+01 4.91354952e-01
2.29538125e+00 1.87632145e+01 1.82763848e-01
2.29538125e+00 1.94083758e+01 4.94650793e-02
2.29538125e+00 2.00535371e+01 1.18047281e-02
2.29538125e+00 2.06986984e+01 2.70828044e-03
2.29538125e+00 2.13438597e+01 6.15323199e-04
2.29538125e+00 2.19890209e+01 1.39725514e-04
2.29538125e+00 2.26341822e+01 3.19646761e-05
2.29538125e+00 2.32793435e+01 7.55563060e-06
2.29538125e+00 2.39245048e+01 1.99326049e-06
2.29538125e+00 2.45696661e+01 6.33061273e-07
2.29538125e+00 2.52148274e+01 1.99691909e-07
2.29538125e+00 2.58599887e+01 5.22827564e-08
2.29538125e+00 2.65051500e+01 1.23250837e-08

2.40902250e+00 6.50514998e+00 1.00000000e+00
2.40902250e+00 7.15031127e+00 1.00000000e+00
2.40902250e+00 7.79547256e+00 1.00000000e+00
2.40902250e+00 8.44063385e+00 1.00000000e+00
2.40902250e+00 9.08579514e+00 9.99999999e-01
2.40902250e+00 9.73095643e+00 9.99999997e-01
2.40902250e+00 1.03761177e+01 9.99999987e-01
2.40902250e+00 1.10212790e+01 9.99999941e-01
2.40902250e+00 1.16664403e+01 9.99999737e-01
2.40902250e+00 1.23116016e+01 9.99998839e-01
2.40902250e+00 1.29567629e+01 9.99994873e-01
2.40902250e+00 1.36019242e+01 9.99977354e-01
2.40902250e+00 1.42470855e+01 9.99899972e-01
2.40902250e+00 1.48922468e+01 9.99558293e-01
2.40902250e+00 1.55374080e+01 9.98051807e-01
2.40902250e+00 1.61825693e+01 9.91451805e-01
2.40902250e+00 1.68277306e+01 9.63324784e-01
2.40902250e+00 1.74728919e+01 8.56235777e-01
2.40902250e+00 1.81180532e+01 5.75700059e-01
2.40902250e+00 1.87632145e+01 2.38176547e-01
2.40902250e+00 1.94083758e+01 6.75737653e-02
2.40902250e+00 2.00535371e+01 1.63469055e-02
2.40902250e+00 2.06986984e+01 3.76293100e-03
2.40902250e+00 2.13438597e+01 8.55520696e-04
2.40902250e+00 2.19890209e+01 1.94214068e-04
2.40902250e+00 2.26341822e+01 4.43437707e-05
2.40902250e+00 2.32793435e+01 1.03999920e-05
2.40902250e+00 2.39245048e+01 2.68407190e-06
2.40902250e+00 2.45696661e+01 8.41114722e-07
2.40902250e+00 2.52148274e+01 2.77167527e-07
2.40902250e+00 2.58599887e+01 7.57059990e-08
2.40902250e+00 2.65051500e+01 1.81155750e-08

2.52266375e+00 6.50514998e+00 1.00000000e+00
2.52266375e+00 7.15031127e+00 1.00000000e+00
2.52266375e+00 7.79547256e+00 1.00000000e+00
2.52266375e+00 8.44063385e+00 1.00000000e+00
2.52266375e+00 9.08579514e+00 1.00000000e+00
2.52266375e+00 9.73095643e+00 9.99999998e-01
2.52266375e+00 1.03761177e+01 9.99999991e-01
2.52266375e+00 1.10212790e+01 9.99999959e-01
2.52266375e+00 1.16664403e+01 9.99999817e-01
2.52266375e+00 1.23116016e+01 9.99999191e-01
2.52266375e+00 1.29567629e+01 9.99996424e-01
2.52266375e+00 1.36019242e+01 9.99984206e-01
2.52266375e+00 1.42470855e+01 9.99930235e-01
2.52266375e+00 1.48922468e+01 9.99691900e-01
2.52266375e+00 1.55374080e+01 9.98640465e-01
2.52266375e+00 1.61825693e+01 9.94022599e-01
2.52266375e+00 1.68277306e+01 9.74131050e-01
2.52266375e+00 1.74728919e+01 8.95117543e-01
2.52266375e+00 1.81180532e+01 6.59970114e-01
2.52266375e+00 1.87632145e+01 3.08184996e-01
2.52266375e+00 1.94083758e+01 9.33566037e-02
2.52266375e+00 2.00535371e+01 2.30636964e-02
2.52266375e+00 2.06986984e+01 5.33789204e-03
2.52266375e+00 2.13438597e+01 1.21502617e-03
2.52266375e+00 2.19890209e+01 2.75784941e-04
2.52266375e+00 2.26341822e+01 6.28518567e-05
2.52266375e+00 2.32793435e+01 1.46261131e-05
2.52266375e+00 2.39245048e+01 3.68253938e-06
2.52266375e+00 2.45696661e+01 1.11972556e-06
2.52266375e+00 2.52148274e+01 3.80664379e-07
2.52266375e+00 2.58599887e+01 1.09364114e-07
2.52266375e+00 2.65051500e+01 2.67167821e-08

2.63630500e+00 6.50514998e+00 1.00000000e+00
2.63630500e+00 7.15031127e+00 1.00000000e+00
2.63630500e+00 7.79547256e+00 1.00000000e+00
2.63630500e+00 8.44063385e+00 1.00000000e+00
2.63630500e+00 9.08579514e+00 1.00000000e+00
2.63630500e+00 9.73095643e+00 9.99999999e-01
2.63630500e+00 1.03761177e+01 9.99999994e-01
2.63630500e+00 1.10212790e+01 9.99999971e-01
2.63630500e+00 1.16664403e+01 9.99999874e-01
2.63630500e+00 1.23116016e+01 9.99999442e-01
2.63630500e+00 1.29567629e+01 9.99997536e-01
2.63630500e+00 1.36019242e+01 9.99989115e-01
2.63630500e+00 1.42470855e+01 9.99951918e-01
2.63630500e+00 1.48922468e+01 9.99787640e-01
2.63630500e+00 1.55374080e+01 9.99062622e-01
2.63630500e+00 1.61825693e+01 9.95872672e-01
2.63630500e+00 1.68277306e+01 9.82024991e-01
2.63630500e+00 1.74728919e+01 9.25248508e-01
2.63630500e+00 1.81180532e+01 7.37613807e-01
2.63630500e+00 1.87632145e+01 3.91396849e-01
2.63630500e+00 1.94083758e+01 1.29138238e-01
2.63630500e+00 2.00535371e+01 3.28905482e-02
2.63630500e+00 2.06986984e+01 7.67476542e-03
2.63630500e+00 2.13438597e+01 1.75021831e-03
2.63630500e+00 2.19890209e+01 3.97289769e-04
2.63630500e+00 2.26341822e+01 9.04030449e-05
2.63630500e+00 2.32793435e+01 2.08939132e-05
2.63630500e+00 2.39245048e+01 5.13708115e-06
2.63630500e+00 2.45696661e+01 1.49871841e-06
2.63630500e+00 2.52148274e+01 5.15828667e-07
2.63630500e+00 2.58599887e+01 1.56757629e-07
2.63630500e+00 2.65051500e+01 3.93864750e-08

2.74994625e+00 6.50514998e+00 1.00000000e+00
2.74994625e+00 7.15031127e+00 1.00000000e+00
2.74994625e+00 7.79547256e+00 1.00000000e+00
2.74994625e+00 8.44063385e+00 1.00000000e+00
2.74994625e+00 9.08579514e+00 1.00000000e+00
2.74994625e+00 9.73095643e+00 9.99999999e-01
2.74994625e+00 1.03761177e+01 9.99999996e-01
2.74994625e+00 1.10212790e+01 9.99999980e-01
2.74994625e+00 1.16664403e+01 9.99999914e-01
2.74994625e+00 1.23116016e+01 9.99999618e-01
2.74994625e+00 1.29567629e+01 9.99998315e-01
2.74994625e+00 1.36019242e+01 9.99992555e-01
2.74994625e+00 1.42470855e+01 9.99967115e-01
2.74994625e+00 1.48922468e+01 9.99854750e-01
2.74994625e+00 1.55374080e+01 9.99358705e-01
2.74994625e+00 1.61825693e+01 9.97173452e-01
2.74994625e+00 1.68277306e+01 9.87635140e-01
2.74994625e+00 1.74728919e+01 9.47621564e-01
2.74994625e+00 1.81180532e+01 8.04109941e-01
2.74994625e+00 1.87632145e+01 4.83623045e-01
2.74994625e+00 1.94083758e+01 1.77252223e-01
2.74994625e+00 2.00535371e+01 4.71069187e-02
2.74994625e+00 2.06986984e+01 1.11249313e-02
2.74994625e+00 2.13438597e+01 2.54425488e-03
2.74994625e+00 2.19890209e+01 5.77745558e-04
2.74994625e+00 2.26341822e+01 1.31312830e-04
2.74994625e+00 2.32793435e+01 3.01812956e-05
2.74994625e+00 2.39245048e+01 7.26900395e-06
2.74994625e+00 2.45696661e+01 2.02541431e-06
2.74994625e+00 2.52148274e+01 6.90155396e-07
2.74994625e+00 2.58599887e+01 2.21901038e-07
2.74994625e+00 2.65051500e+01 5.78574563e-08

2.86358750e+00 6.50514998e+00 1.00000000e+00
2.86358750e+00 7.15031127e+00 1.00000000e+00
2.86358750e+00 7.79547256e+00 1.00000000e+00
2.86358750e+00 8.44063385e+00 1.00000000e+00
2.86358750e+00 9.08579514e+00 1.00000000e+00
2.86358750e+00 9.73095643e+00 9.99999999e-01
2.86358750e+00 1.03761177e+01 9.99999997e-01
2.86358750e+00 1.10212790e+01 9.99999987e-01
2.86358750e+00 1.16664403e+01 9.99999941e-01
2.86358750e+00 1.23116016e+01 9.99999740e-01
2.86358750e+00 1.29567629e+01 9.99998853e-01
2.86358750e+00 1.36019242e+01 9.99994933e-01
2.86358750e+00 1.42470855e+01 9.99977617e-01
2.86358750e+00 1.48922468e+01 9.99901132e-01
2.86358750e+00 1.55374080e+01 9.99563416e-01
2.86358750e+00 1.61825693e+01 9.98074367e-01
2.86358750e+00 1.68277306e+01 9.91550132e-01
2.86358750e+00 1.74728919e+01 9.63734466e-01
2.86358750e+00 1.81180532e+01 8.57656844e-01
2.86358750e+00 1.87632145e+01 5.78382145e-01
2.86358750e+00 1.94083758e+01 2.39423261e-01
2.86358750e+00 2.00535371e+01 6.73967080e-02
2.86358750e+00 2.06986984e+01 1.61949584e-02
2.86358750e+00 2.13438597e+01 3.71952696e-03
2.86358750e+00 2.19890209e+01 8.45273517e-04
2.86358750e+00 2.26341822e+01 1.91969421e-04
2.86358750e+00 2.32793435e+01 4.39362133e-05
2.86358750e+00 2.39245048e+01 1.04066446e-05
2.86358750e+00 2.45696661e+01 2.77277031e-06
2.86358750e+00 2.52148274e+01 9.15619086e-07
2.86358750e+00 2.58599887e+01 3.09100596e-07
2.86358750e+00 2.65051500e+01 8.44444342e-08

2.97722875e+00 6.50514998e+00 1.00000000e+00
2.97722875e+00 7.15031127e+00 1.00000000e+00
2.97722875e+00 7.79547256e+00 1.00000000e+00
2.97722875e+00 8.44063385e+00 1.00000000e+00
2.97722875e+00 9.08579514e+00 1.00000000e+00
2.97722875e+00 9.73095643e+00 1.00000000e+00
2.97722875e+00 1.03761177e+01 9.99999998e-01
2.97722875e+00 1.10212790e+01 9.99999991e-01
2.97722875e+00 1.16664403e+01 9.99999960e-01
2.97722875e+00 1.23116016e+01 9.99999824e-01
2.97722875e+00 1.29567629e+01 9.99999222e-01
2.97722875e+00 1.36019242e+01 9.99996561e-01
2.97722875e+00 1.42470855e+01 9.99984810e-01
2.97722875e+00 1.48922468e+01 9.99932905e-01
2.97722875e+00 1.55374080e+01 9.99703687e-01
2.97722875e+00 1.61825693e+01 9.98692424e-01
2.97722875e+00 1.68277306e+01 9.94250003e-01
2.97722875e+00 1.74728919e+01 9.75095779e-01
2.97722875e+00 1.81180532e+01 8.98714213e-01
2.97722875e+00 1.87632145e+01 6.68535256e-01
2.97722875e+00 1.94083758e+01 3.15863352e-01
2.97722875e+00 2.00535371e+01 9.58492040e-02
2.97722875e+00 2.06986984e+01 2.36058584e-02
2.97722875e+00 2.13438597e+01 5.45563759e-03
2.97722875e+00 2.19890209e+01 1.24142793e-03
2.97722875e+00 2.26341822e+01 2.81827180e-04
2.97722875e+00 2.32793435e+01 6.43020982e-05
2.97722875e+00 2.39245048e+01 1.50361394e-05
2.97722875e+00 2.45696661e+01 3.85070541e-06
2.97722875e+00 2.52148274e+01 1.21261657e-06
2.97722875e+00 2.58599887e+01 4.22873645e-07
2.97722875e+00 2.65051500e+01 1.22107369e-07

3.09087000e+00 6.50514998e+00 1.00000000e+00
3.09087000e+00 7.15031127e+00 1.00000000e+00
3.09087000e+00 7.79547256e+00 1.00000000e+00
3.09087000e+00 8.44063385e+00 1.00000000e+00
3.09087000e+00 9.08579514e+00 1.00000000e+00
3.09087000e+00 9.73095643e+00 1.00000000e+00
3.09087000e+00 1.03761177e+01 9.99999999e-01
3.09087000e+00 1.10212790e+01 9.99999994e-01
3.09087000e+00 1.16664403e+01 9.99999973e-01
3.09087000e+00 1.23116016e+01 9.99999881e-01
3.09087000e+00 1.29567629e+01 9.99999473e-01
3.09087000e+00 1.36019242e+01 9.99997671e-01
3.09087000e+00 1.42470855e+01 9.99989711e-01
3.09087000e+00 1.48922468e+01 9.99954551e-01
3.09087000e+00 1.55374080e+01 9.99799269e-01
3.09087000e+00 1.61825693e+01 9.99113916e-01
3.09087000e+00 1.68277306e+01 9.96097824e-01
3.09087000e+00 1.74728919e+01 9.82992361e-01
3.09087000e+00 1.81180532e+01 9.29045460e-01
3.09087000e+00 1.87632145e+01 7.48279650e-01
3.09087000e+00 1.94083758e+01 4.04373944e-01
3.09087000e+00 2.00535371e+01 1.34823045e-01
3.09087000e+00 2.06986984e+01 3.43646228e-02
3.09087000e+00 2.13438597e+01 8.01501080e-03
3.09087000e+00 2.19890209e+01 1.82755196e-03
3.09087000e+00 2.26341822e+01 4.14874986e-04
3.09087000e+00 2.32793435e+01 9.44517012e-05
3.09087000e+00 2.39245048e+01 2.18768617e-05
3.09087000e+00 2.45696661e+01 5.42274256e-06
3.09087000e+00 2.52148274e+01 1.61493008e-06
3.09087000e+00 2.58599887e+01 5.68493917e-07
3.09087000e+00 2.65051500e+01 1.74415287e-07

3.20451125e+00 6.50514998e+00 1.00000000e+00
3.20451125e+00 7.15031127e+00 1.00000000e+00
3.20451125e+00 7.79547256e+00 1.00000000e+00
3.20451125e+00 8.44063385e+00 1.00000000e+00
3.20451125e+00 9.08579514e+00 1.00000000e+00
3.20451125e+00 9.73095643e+00 1.00000000e+00
3.20451125e+00 1.03761177e+01 9.99999999e-01
3.20451125e+00 1.10212790e+01 9.99999996e-01
3.20451125e+00 1.16664403e+01 9.99999982e-01
3.20451125e+00 1.23116016e+01 9.99999919e-01
3.20451125e+00 1.29567629e+01 9.99999643e-01
3.20451125e+00 1.36019242e+01 9.99998424e-01
3.20451125e+00 1.42470855e+01 9.99993038e-01
3.20451125e+00 1.48922468e+01 9.99969249e-01
3.20451125e+00 1.55374080e+01 9.99864176e-01
3.20451125e+00 1.61825693e+01 9.99400300e-01
3.20451125e+00 1.68277306e+01 9.97356403e-01
3.20451125e+00 1.74728919e+01 9.88428153e-01
3.20451125e+00 1.81180532e+01 9.50850376e-01
3.20451125e+00 1.87632145e+01 8.14413986e-01
3.20451125e+00 1.94083758e+01 5.00038083e-01
3.20451125e+00 2.00535371e+01 1.86570513e-01
3.20451125e+00 2.06986984e+01 4.98385838e-02
3.20451125e+00 2.13438597e+01 1.17786508e-02
3.20451125e+00 2.19890209e+01 2.69407000e-03
3.20451125e+00 2.26341822e+01 6.11804307e-04
3.20451125e+00 2.32793435e+01 1.39081194e-04
3.20451125e+00 2.39245048e+01 3.19933241e-05
3.20451125e+00 2.45696661e+01 7.73091732e-06
3.20451125e+00 2.52148274e+01 2.17583499e-06
3.20451125e+00 2.58599887e+01 7.53707188e-07
3.20451125e+00 2.65051500e+01 2.45374203e-07

3.31815250e+00 6.50514998e+00 1.00000000e+00
3.31815250e+00 7.15031127e+00 1.00000000e+00
3.31815250e+00 7.79547256e+00 1.00000000e+00
3.31815250e+00 8.44063385e+00 1.00000000e+00
3.31815250e+00 9.08579514e+00 1.00000000e+00
3.31815250e+00 9.73095643e+00 1.00000000e+00
3.31815250e+00 1.03761177e+01 9.99999999e-01
3.31815250e+00 1.10212790e+01 9.99999997e-01
3.31815250e+00 1.16664403e+01 9.99999988e-01
3.31815250e+00 1.23116016e+01 9.99999945e-01
3.31815250e+00 1.29567629e+01 9.99999759e-01
3.31815250e+00 1.36019242e+01 9.99998934e-01
3.31815250e+00 1.42470855e+01 9.99995293e-01
3.31815250e+00 1.48922468e+01 9.99979208e-01
3.31815250e+00 1.55374080e+01 9.99908161e-01
3.31815250e+00 1.61825693e+01 9.99594442e-01
3.31815250e+00 1.68277306e+01 9.98211022e-01
3.31815250e+00 1.74728919e+01 9.92146072e-01
3.31815250e+00 1.81180532e+01 9.66224004e-01
3.31815250e+00 1.87632145e+01 8.66398713e-01
3.31815250e+00 1.94083758e+01 5.96030321e-01
3.31815250e+00 2.00535371e+01 2.52546484e-01
3.31815250e+00 2.06986984e+01 7.18072967e-02
3.31815250e+00 2.13438597e+01 1.72945464e-02
3.31815250e+00 2.19890209e+01 3.97398951e-03
3.31815250e+00 2.26341822e+01 9.03205929e-04
3.31815250e+00 2.32793435e+01 2.05141135e-04
3.31815250e+00 2.39245048e+01 4.69609732e-05
3.31815250e+00 2.45696661e+01 1.11330287e-05
3.31815250e+00 2.52148274e+01 2.97630034e-06
3.31815250e+00 2.58599887e+01 9.91825212e-07
3.31815250e+00 2.65051500e+01 3.39194190e-07

3.43179375e+00 6.50514998e+00 1.00000000e+00
3.43179375e+00 7.15031127e+00 1.00000000e+00
3.43179375e+00 7.79547256e+00 1.00000000e+00
3.43179375e+00 8.44063385e+00 1.00000000e+00
3.43179375e+00 9.08579514e+00 1.00000000e+00
3.43179375e+00 9.73095643e+00 1.00000000e+00
3.43179375e+00 1.03761177e+01 1.00000000e+00
3.43179375e+00 1.10212790e+01 9.99999998e-01
3.43179375e+00 1.16664403e+01 9.99999992e-01
3.43179375e+00 1.23116016e+01 9.99999963e-01
3.43179375e+00 1.29567629e+01 9.99999837e-01
3.43179375e+00 1.36019242e+01 9.99999280e-01
3.43179375e+00 1.42470855e+01 9.99996819e-01
3.43179375e+00 1.48922468e+01 9.99985948e-01
3.43179375e+00 1.55374080e+01 9.99937929e-01
3.43179375e+00 1.61825693e+01 9.99725868e-01
3.43179375e+00 1.68277306e+01 9.98790213e-01
3.43179375e+00 1.74728919e+01 9.94678221e-01
3.43179375e+00 1.81180532e+01 9.76916739e-01
3.43179375e+00 1.87632145e+01 9.05569360e-01
3.43179375e+00 1.94083758e+01 6.85417942e-01
3.43179375e+00 2.00535371e+01 3.32474567e-01
3.43179375e+00 2.06986984e+01 1.02440379e-01
3.43179375e+00 2.13438597e+01 2.53399648e-02
3.43179375e+00 2.19890209e+01 5.86233723e-03
3.43179375e+00 2.26341822e+01 1.33427381e-03
3.43179375e+00 2.32793435e+01 3.02917286e-04
3.43179375e+00 2.39245048e+01 6.91116740e-05
3.43179375e+00 2.45696661e+01 1.61580918e-05
3.43179375e+00 2.52148274e+01 4.13698429e-06
3.43179375e+00 2.58599887e+01 1.30592914e-06
3.43179375e+00 2.65051500e+01 4.60301246e-07

3.54543500e+00 6.50514998e+00 1.00000000e+00
3.54543500e+00 7.15031127e+00 1.00000000e+00
3.54543500e+00 7.79547256e+00 1.00000000e+00
3.54543500e+00 8.44063385e+00 1.00000000e+00
3.54543500e+00 9.08579514e+00 1.00000000e+00
3.54543500e+00 9.73095643e+00 1.00000000e+00
3.54543500e+00 1.03761177e+01 1.00000000e+00
3.54543500e+00 1.10212790e+01 9.99999999e-01
3.54543500e+00 1.16664403e+01 9.99999994e-01
3.54543500e+00 1.23116016e+01 9.99999975e-01
3.54543500e+00 1.29567629e+01 9.99999890e-01
3.54543500e+00 1.36019242e+01 9.99999513e-01
3.54543500e+00 1.42470855e+01 9.99997851e-01
3.54543500e+00 1.48922468e+01 9.99990505e-01
3.54543500e+00 1.55374080e+01 9.99958059e-01
3.54543500e+00 1.61825693e+01 9.99814760e-01
3.54543500e+00 1.68277306e+01 9.99182256e-01
3.54543500e+00 1.74728919e+01 9.96397932e-01
3.54543500e+00 1.81180532e+01 9.84284208e-01
3.54543500e+00 1.87632145e+01 9.34155823e-01
3.54543500e+00 1.94083758e+01 7.63034118e-01
3.54543500e+00 2.00535371e+01 4.23532087e-01
3.54543500e+00 2.06986984e+01 1.44116843e-01
3.54543500e+00 2.13438597e+01 3.69948546e-02
3.54543500e+00 2.19890209e+01 8.64374501e-03
3.54543500e+00 2.26341822e+01 1.97170573e-03
3.54543500e+00 2.32793435e+01 4.47627633e-04
3.54543500e+00 2.39245048e+01 1.01897049e-04
3.54543500e+00 2.45696661e+01 2.35886198e-05
3.54543500e+00 2.52148274e+01 5.83632676e-06
3.54543500e+00 2.58599887e+01 1.73390771e-06
3.54543500e+00 2.65051500e+01 6.14133704e-07

3.65907625e+00 6.50514998e+00 1.00000000e+00
3.65907625e+00 7.15031127e+00 1.00000000e+00
3.65907625e+00 7.79547256e+00 1.00000000e+00
3.65907625e+00 8.44063385e+00 1.00000000e+00
3.65907625e+00 9.08579514e+00 1.00000000e+00
3.65907625e+00 9.73095643e+00 1.00000000e+00
3.65907625e+00 1.03761177e+01 1.00000000e+00
3.65907625e+00 1.10212790e+01 9.99999999e-01
3.65907625e+00 1.16664403e+01 9.99999996e-01
3.65907625e+00 1.23116016e+01 9.99999983e-01
3.65907625e+00 1.29567629e+01 9.99999926e-01
3.65907625e+00 1.36019242e+01 9.99999671e-01
3.65907625e+00 1.42470855e+01 9.99998548e-01
3.65907625e+00 1.48922468e+01 9.99993586e-01
3.65907625e+00 1.55374080e+01 9.99971666e-01
3.65907625e+00 1.61825693e+01 9.99874851e-01
3.65907625e+00 1.68277306e+01 9.99447415e-01
3.65907625e+00 1.74728919e+01 9.97563698e-01
3.65907625e+00 1.81180532e+01 9.89327935e-01
3.65907625e+00 1.87632145e+01 9.54535523e-01
3.65907625e+00 1.94083758e+01 8.26432911e-01
3.65907625e+00 2.00535371e+01 5.20263901e-01
3.65907625e+00 2.06986984e+01 1.98983329e-01
3.65907625e+00 2.13438597e+01 5.37142132e-02
3.65907625e+00 2.19890209e+01 1.27307581e-02
3.65907625e+00 2.26341822e+01 2.91378119e-03
3.65907625e+00 2.32793435e+01 6.61779766e-04
3.65907625e+00 2.39245048e+01 1.50426100e-04
3.65907625e+00 2.45696661e+01 3.45825263e-05
3.65907625e+00 2.52148274e+01 8.33779301e-06
3.65907625e+00 2.58599887e+01 2.33471376e-06
3.65907625e+00 2.65051500e+01 8.09221152e-07

3.77271750e+00 6.50514998e+00 1.00000000e+00
3.77271750e+00 7.15031127e+00 1.00000000e+00
3.77271750e+00 7.79547256e+00 1.00000000e+00
3.77271750e+00 8.44063385e+00 1.00000000e+00
3.77271750e+00 9.08579514e+00 1.00000000e+00
3.77271750e+00 9.73095643e+00 1.00000000e+00
3.77271750e+00 1.03761177e+01 1.00000000e+00
3.77271750e+00 1.10212790e+01 9.99999999e-01
3.77271750e+00 1.16664403e+01 9.99999997e-01
3.77271750e+00 1.23116016e+01 9.99999989e-01
3.77271750e+00 1.29567629e+01 9.99999950e-01
3.77271750e+00 1.36019242e+01 9.99999778e-01
3.77271750e+00 1.42470855e+01 9.99999019e-01
3.77271750e+00 1.48922468e+01 9.99995667e-01
3.77271750e+00 1.55374080e+01 9.99980860e-01
3.77271750e+00 1.61825693e+01 9.99915460e-01
3.77271750e+00 1.68277306e+01 9.99626665e-01
3.77271750e+00 1.74728919e+01 9.98352976e-01
3.77271750e+00 1.81180532e+01 9.92765735e-01
3.77271750e+00 1.87632145e+01 9.68823644e-01
3.77271750e+00 1.94083758e+01 8.75678612e-01
3.77271750e+00 2.00535371e+01 6.15652716e-01
3.77271750e+00 2.06986984e+01 2.68196484e-01
3.77271750e+00 2.13438597e+01 7.73692526e-02
3.77271750e+00 2.19890209e+01 1.87152356e-02
3.77271750e+00 2.26341822e+01 4.30498028e-03
3.77271750e+00 2.32793435e+01 9.78645471e-04
3.77271750e+00 2.39245048e+01 2.22260415e-04
3.77271750e+00 2.45696661e+01 5.08536079e-05
3.77271750e+00 2.52148274e+01 1.20305706e-05
3.77271750e+00 2.58599887e+01 3.19707717e-06
3.77271750e+00 2.65051500e+01 1.06060295e-06

3.88635875e+00 6.50514998e+00 1.00000000e+00
3.88635875e+00 7.15031127e+00 1.00000000e+00
3.88635875e+00 7.79547256e+00 1.00000000e+00
3.88635875e+00 8.44063385e+00 1.00000000e+00
3.88635875e+00 9.08579514e+00 1.00000000e+00
3.88635875e+00 9.73095643e+00 1.00000000e+00
3.88635875e+00 1.03761177e+01 1.00000000e+00
3.88635875e+00 1.10212790e+01 1.00000000e+00
3.88635875e+00 1.16664403e+01 9.99999998e-01
3.88635875e+00 1.23116016e+01 9.99999992e-01
3.88635875e+00 1.29567629e+01 9.99999966e-01
3.88635875e+00 1.36019242e+01 9.99999850e-01
3.88635875e+00 1.42470855e+01 9.99999337e-01
3.88635875e+00 1.48922468e+01 9.99997073e-01
3.88635875e+00 1.55374080e+01 9.99987072e-01
3.88635875e+00 1.61825693e+01 9.99942896e-01
3.88635875e+00 1.68277306e+01 9.99747800e-01
3.88635875e+00 1.74728919e+01 9.98886916e-01
3.88635875e+00 1.81180532e+01 9.95101978e-01
3.88635875e+00 1.87632145e+01 9.78724103e-01
3.88635875e+00 1.94083758e+01 9.12455423e-01
3.88635875e+00 2.00535371e+01 7.03027365e-01
3.88635875e+00 2.06986984e+01 3.50975370e-01
3.88635875e+00 2.13438597e+01 1.10198809e-01
3.88635875e+00 2.19890209e+01 2.74335210e-02
3.88635875e+00 2.26341822e+01 6.35697463e-03
3.88635875e+00 2.32793435e+01 1.44737069e-03
3.88635875e+00 2.39245048e+01 3.28589817e-04
3.88635875e+00 2.45696661e+01 7.49386853e-05
3.88635875e+00 2.52148274e+01 1.74900348e-05
3.88635875e+00 2.58599887e+01 4.45254933e-06
3.88635875e+00 2.65051500e+01 1.39421725e-06

4.00000000e+00 6.50514998e+00 1.00000000e+00
4.00000000e+00 7.15031127e+00 1.00000000e+00
4.00000000e+00 7.79547256e+00 1.00000000e+00
4.00000000e+00 8.44063385e+00 1.00000000e+00
4.00000000e+00 9.08579514e+00 1.00000000e+00
4.00000000e+00 9.73095643e+00 1.00000000e+00
4.00000000e+00 1.03761177e+01 1.00000000e+00
4.00000000e+00 1.10212790e+01 1.00000000e+00
4.00000000e+00 1.16664403e+01 9.99999999e-01
4.00000000e+00 1.23116016e+01 9.99999995e-01
4.00000000e+00 1.29567629e+01 9.99999977e-01
4.00000000e+00 1.36019242e+01 9.99999899e-01
4.00000000e+00 1.42470855e+01 9.99999553e-01
4.00000000e+00 1.48922468e+01 9.99998023e-01
4.00000000e+00 1.55374080e+01 9.99991268e-01
4.00000000e+00 1.61825693e+01 9.99961430e-01
4.00000000e+00 1.68277306e+01 9.99829644e-01
4.00000000e+00 1.74728919e+01 9.99247924e-01
4.00000000e+00 1.81180532e+01 9.96686437e-01
4.00000000e+00 1.87632145e+01 9.85528667e-01
4.00000000e+00 1.94083758e+01 9.39120863e-01
4.00000000e+00 2.00535371e+01 7.77795392e-01
4.00000000e+00 2.06986984e+01 4.43892822e-01
4.00000000e+00 2.13438597e+01 1.54580205e-01
4.00000000e+00 2.19890209e+01 4.00411360e-02
4.00000000e+00 2.26341822e+01 9.37830409e-03
4.00000000e+00 2.32793435e+01 2.14046585e-03
4.00000000e+00 2.39245048e+01 4.85969170e-04
4.00000000e+00 2.45696661e+01 1.10592935e-04
4.00000000e+00 2.52148274e+01 2.55673586e-05
4.00000000e+00 2.58599887e+01 6.29529153e-06
4.00000000e+00 2.65051500e+01 1.85208272e-06

