# This file contains the table for C cooling 
# scaling factors as a function of density and temperature 
# for optically thick regimes 
# Generated by Piyush Sharda in 2026 using Despotic 
# The 1st column is log10(Tgas/K) 
# The 2nd column is log10(NC/cm^-2) 
# The last is the scaling factor to be multiplied to C cooling 
# Note that the scaling factors for this file are calculated under LTE = True, thin=False 
# assuming density = 1000 cm^-3
32,32
4.77121255e-01 6.20411998e+00 1.00000000e+00
4.77121255e-01 6.84928127e+00 1.00000000e+00
4.77121255e-01 7.49444256e+00 9.99999999e-01
4.77121255e-01 8.13960385e+00 9.99999994e-01
4.77121255e-01 8.78476514e+00 9.99999975e-01
4.77121255e-01 9.42992643e+00 9.99999891e-01
4.77121255e-01 1.00750877e+01 9.99999520e-01
4.77121255e-01 1.07202490e+01 9.99997881e-01
4.77121255e-01 1.13654103e+01 9.99990641e-01
4.77121255e-01 1.20105716e+01 9.99958659e-01
4.77121255e-01 1.26557329e+01 9.99817410e-01
4.77121255e-01 1.33008942e+01 9.99193940e-01
4.77121255e-01 1.39460555e+01 9.96449137e-01
4.77121255e-01 1.45912168e+01 9.84502671e-01
4.77121255e-01 1.52363780e+01 9.34986172e-01
4.77121255e-01 1.58815393e+01 7.65019706e-01
4.77121255e-01 1.65267006e+01 4.24309236e-01
4.77121255e-01 1.71718619e+01 1.43010006e-01
4.77121255e-01 1.78170232e+01 3.64227081e-02
4.77121255e-01 1.84621845e+01 8.50527150e-03
4.77121255e-01 1.91073458e+01 1.95529508e-03
4.77121255e-01 1.97525071e+01 4.51962840e-04
4.77121255e-01 2.03976684e+01 1.04201561e-04
4.77121255e-01 2.10428297e+01 2.37643809e-05
4.77121255e-01 2.16879910e+01 5.39049444e-06
4.77121255e-01 2.23331522e+01 1.22087749e-06
4.77121255e-01 2.29783135e+01 2.76415036e-07
4.77121255e-01 2.36234748e+01 6.25785150e-08
4.77121255e-01 2.42686361e+01 1.41674964e-08
4.77121255e-01 2.49137974e+01 3.20739687e-09
4.77121255e-01 2.55589587e+01 7.26104056e-10
4.77121255e-01 2.62041200e+01 1.64376409e-10

5.90762505e-01 6.20411998e+00 1.00000000e+00
5.90762505e-01 6.84928127e+00 1.00000000e+00
5.90762505e-01 7.49444256e+00 9.99999999e-01
5.90762505e-01 8.13960385e+00 9.99999995e-01
5.90762505e-01 8.78476514e+00 9.99999979e-01
5.90762505e-01 9.42992643e+00 9.99999906e-01
5.90762505e-01 1.00750877e+01 9.99999583e-01
5.90762505e-01 1.07202490e+01 9.99998156e-01
5.90762505e-01 1.13654103e+01 9.99991856e-01
5.90762505e-01 1.20105716e+01 9.99964026e-01
5.90762505e-01 1.26557329e+01 9.99841110e-01
5.90762505e-01 1.33008942e+01 9.99298508e-01
5.90762505e-01 1.39460555e+01 9.96908682e-01
5.90762505e-01 1.45912168e+01 9.86487395e-01
5.90762505e-01 1.52363780e+01 9.42945972e-01
5.90762505e-01 1.58815393e+01 7.89109527e-01
5.90762505e-01 1.65267006e+01 4.58705326e-01
5.90762505e-01 1.71718619e+01 1.61205997e-01
5.90762505e-01 1.78170232e+01 4.19937725e-02
5.90762505e-01 1.84621845e+01 1.00760923e-02
5.90762505e-01 1.91073458e+01 2.41564517e-03
5.90762505e-01 1.97525071e+01 5.70083202e-04
5.90762505e-01 2.03976684e+01 1.31036067e-04
5.90762505e-01 2.10428297e+01 2.97814597e-05
5.90762505e-01 2.16879910e+01 6.74821067e-06
5.90762505e-01 2.23331522e+01 1.52802325e-06
5.90762505e-01 2.29783135e+01 3.45967494e-07
5.90762505e-01 2.36234748e+01 7.83494932e-08
5.90762505e-01 2.42686361e+01 1.77497382e-08
5.90762505e-01 2.49137974e+01 4.02061129e-09
5.90762505e-01 2.55589587e+01 9.10395054e-10
5.90762505e-01 2.62041200e+01 2.06107861e-10

7.04403754e-01 6.20411998e+00 1.00000000e+00
7.04403754e-01 6.84928127e+00 1.00000000e+00
7.04403754e-01 7.49444256e+00 9.99999999e-01
7.04403754e-01 8.13960385e+00 9.99999996e-01
7.04403754e-01 8.78476514e+00 9.99999982e-01
7.04403754e-01 9.42992643e+00 9.99999920e-01
7.04403754e-01 1.00750877e+01 9.99999645e-01
7.04403754e-01 1.07202490e+01 9.99998433e-01
7.04403754e-01 1.13654103e+01 9.99993079e-01
7.04403754e-01 1.20105716e+01 9.99969428e-01
7.04403754e-01 1.26557329e+01 9.99864966e-01
7.04403754e-01 1.33008942e+01 9.99403785e-01
7.04403754e-01 1.39460555e+01 9.97371689e-01
7.04403754e-01 1.45912168e+01 9.88493633e-01
7.04403754e-01 1.52363780e+01 9.51103278e-01
7.04403754e-01 1.58815393e+01 8.15043320e-01
7.04403754e-01 1.65267006e+01 5.00208171e-01
7.04403754e-01 1.71718619e+01 1.86768070e-01
7.04403754e-01 1.78170232e+01 5.17032608e-02
7.04403754e-01 1.84621845e+01 1.34633289e-02
7.04403754e-01 1.91073458e+01 3.36529706e-03
7.04403754e-01 1.97525071e+01 7.91246477e-04
7.04403754e-01 2.03976684e+01 1.80925722e-04
7.04403754e-01 2.10428297e+01 4.10549456e-05
7.04403754e-01 2.16879910e+01 9.29939981e-06
7.04403754e-01 2.23331522e+01 2.10582200e-06
7.04403754e-01 2.29783135e+01 4.77074398e-07
7.04403754e-01 2.36234748e+01 1.08277371e-07
7.04403754e-01 2.42686361e+01 2.46473514e-08
7.04403754e-01 2.49137974e+01 5.60756607e-09
7.04403754e-01 2.55589587e+01 1.27198929e-09
7.04403754e-01 2.62041200e+01 2.88107749e-10

8.18045004e-01 6.20411998e+00 1.00000000e+00
8.18045004e-01 6.84928127e+00 1.00000000e+00
8.18045004e-01 7.49444256e+00 9.99999999e-01
8.18045004e-01 8.13960385e+00 9.99999997e-01
8.18045004e-01 8.78476514e+00 9.99999985e-01
8.18045004e-01 9.42992643e+00 9.99999936e-01
8.18045004e-01 1.00750877e+01 9.99999716e-01
8.18045004e-01 1.07202490e+01 9.99998744e-01
8.18045004e-01 1.13654103e+01 9.99994451e-01
8.18045004e-01 1.20105716e+01 9.99975489e-01
8.18045004e-01 1.26557329e+01 9.99891737e-01
8.18045004e-01 1.33008942e+01 9.99521948e-01
8.18045004e-01 1.39460555e+01 9.97891803e-01
8.18045004e-01 1.45912168e+01 9.90755529e-01
8.18045004e-01 1.52363780e+01 9.60442903e-01
8.18045004e-01 1.58815393e+01 8.46495942e-01
8.18045004e-01 1.65267006e+01 5.58667143e-01
8.18045004e-01 1.71718619e+01 2.32017303e-01
8.18045004e-01 1.78170232e+01 7.27723361e-02
8.18045004e-01 1.84621845e+01 2.05196583e-02
8.18045004e-01 1.91073458e+01 5.12177260e-03
8.18045004e-01 1.97525071e+01 1.19226104e-03
8.18045004e-01 2.03976684e+01 2.71721743e-04
8.18045004e-01 2.10428297e+01 6.16092793e-05
8.18045004e-01 2.16879910e+01 1.39540918e-05
8.18045004e-01 2.23331522e+01 3.16124758e-06
8.18045004e-01 2.29783135e+01 7.17629960e-07
8.18045004e-01 2.36234748e+01 1.64094313e-07
8.18045004e-01 2.42686361e+01 3.80203998e-08
8.18045004e-01 2.49137974e+01 8.80868894e-09
8.18045004e-01 2.55589587e+01 2.01406239e-09
8.18045004e-01 2.62041200e+01 4.57190544e-10

9.31686254e-01 6.20411998e+00 1.00000000e+00
9.31686254e-01 6.84928127e+00 1.00000000e+00
9.31686254e-01 7.49444256e+00 9.99999999e-01
9.31686254e-01 8.13960385e+00 9.99999998e-01
9.31686254e-01 8.78476514e+00 9.99999989e-01
9.31686254e-01 9.42992643e+00 9.99999954e-01
9.31686254e-01 1.00750877e+01 9.99999795e-01
9.31686254e-01 1.07202490e+01 9.99999093e-01
9.31686254e-01 1.13654103e+01 9.99995993e-01
9.31686254e-01 1.20105716e+01 9.99982298e-01
9.31686254e-01 1.26557329e+01 9.99921809e-01
9.31686254e-01 1.33008942e+01 9.99654702e-01
9.31686254e-01 1.39460555e+01 9.98476644e-01
9.31686254e-01 1.45912168e+01 9.93308465e-01
9.31686254e-01 1.52363780e+01 9.71154021e-01
9.31686254e-01 1.58815393e+01 8.84834511e-01
9.31686254e-01 1.65267006e+01 6.42570990e-01
9.31686254e-01 1.71718619e+01 3.12309857e-01
9.31686254e-01 1.78170232e+01 1.12103753e-01
9.31686254e-01 1.84621845e+01 3.24171609e-02
9.31686254e-01 1.91073458e+01 7.97549822e-03
9.31686254e-01 1.97525071e+01 1.84433313e-03
9.31686254e-01 2.03976684e+01 4.19605481e-04
9.31686254e-01 2.10428297e+01 9.51055252e-05
9.31686254e-01 2.16879910e+01 2.15431124e-05
9.31686254e-01 2.23331522e+01 4.88472570e-06
9.31686254e-01 2.29783135e+01 1.11305510e-06
9.31686254e-01 2.36234748e+01 2.58189107e-07
9.31686254e-01 2.42686361e+01 6.20964589e-08
9.31686254e-01 2.49137974e+01 1.50297035e-08
9.31686254e-01 2.55589587e+01 3.50974184e-09
9.31686254e-01 2.62041200e+01 8.01545167e-10

1.04532750e+00 6.20411998e+00 1.00000000e+00
1.04532750e+00 6.84928127e+00 1.00000000e+00
1.04532750e+00 7.49444256e+00 1.00000000e+00
1.04532750e+00 8.13960385e+00 9.99999998e-01
1.04532750e+00 8.78476514e+00 9.99999993e-01
1.04532750e+00 9.42992643e+00 9.99999970e-01
1.04532750e+00 1.00750877e+01 9.99999869e-01
1.04532750e+00 1.07202490e+01 9.99999422e-01
1.04532750e+00 1.13654103e+01 9.99997447e-01
1.04532750e+00 1.20105716e+01 9.99988722e-01
1.04532750e+00 1.26557329e+01 9.99950182e-01
1.04532750e+00 1.33008942e+01 9.99779982e-01
1.04532750e+00 1.39460555e+01 9.99028963e-01
1.04532750e+00 1.45912168e+01 9.95727289e-01
1.04532750e+00 1.52363780e+01 9.81444736e-01
1.04532750e+00 1.58815393e+01 9.23710293e-01
1.04532750e+00 1.65267006e+01 7.41222850e-01
1.04532750e+00 1.71718619e+01 4.24659569e-01
1.04532750e+00 1.78170232e+01 1.68226075e-01
1.04532750e+00 1.84621845e+01 4.88363289e-02
1.04532750e+00 1.91073458e+01 1.19117747e-02
1.04532750e+00 1.97525071e+01 2.74635090e-03
1.04532750e+00 2.03976684e+01 6.24365780e-04
1.04532750e+00 2.10428297e+01 1.41498249e-04
1.04532750e+00 2.16879910e+01 3.20578769e-05
1.04532750e+00 2.23331522e+01 7.27600706e-06
1.04532750e+00 2.29783135e+01 1.66503302e-06
1.04532750e+00 2.36234748e+01 3.92819119e-07
1.04532750e+00 2.42686361e+01 9.92514108e-08
1.04532750e+00 2.49137974e+01 2.57311609e-08
1.04532750e+00 2.55589587e+01 6.24160184e-09
1.04532750e+00 2.62041200e+01 1.44201158e-09

1.15896875e+00 6.20411998e+00 1.00000000e+00
1.15896875e+00 6.84928127e+00 1.00000000e+00
1.15896875e+00 7.49444256e+00 1.00000000e+00
1.15896875e+00 8.13960385e+00 9.99999999e-01
1.15896875e+00 8.78476514e+00 9.99999996e-01
1.15896875e+00 9.42992643e+00 9.99999982e-01
1.15896875e+00 1.00750877e+01 9.99999922e-01
1.15896875e+00 1.07202490e+01 9.99999657e-01
1.15896875e+00 1.13654103e+01 9.99998486e-01
1.15896875e+00 1.20105716e+01 9.99993312e-01
1.15896875e+00 1.26557329e+01 9.99970459e-01
1.15896875e+00 1.33008942e+01 9.99869522e-01
1.15896875e+00 1.39460555e+01 9.99423951e-01
1.15896875e+00 1.45912168e+01 9.97461546e-01
1.15896875e+00 1.52363780e+01 9.88905108e-01
1.15896875e+00 1.58815393e+01 9.53163332e-01
1.15896875e+00 1.65267006e+01 8.26472528e-01
1.15896875e+00 1.71718619e+01 5.41954301e-01
1.15896875e+00 1.78170232e+01 2.32721864e-01
1.15896875e+00 1.84621845e+01 6.84508525e-02
1.15896875e+00 1.91073458e+01 1.66971030e-02
1.15896875e+00 1.97525071e+01 3.84861655e-03
1.15896875e+00 2.03976684e+01 8.74897358e-04
1.15896875e+00 2.10428297e+01 1.98278502e-04
1.15896875e+00 2.16879910e+01 4.49285159e-05
1.15896875e+00 2.23331522e+01 1.02038716e-05
1.15896875e+00 2.29783135e+01 2.34177522e-06
1.15896875e+00 2.36234748e+01 5.59286061e-07
1.15896875e+00 2.42686361e+01 1.47530112e-07
1.15896875e+00 2.49137974e+01 4.13790543e-08
1.15896875e+00 2.55589587e+01 1.05931180e-08
1.15896875e+00 2.62041200e+01 2.49186772e-09

1.27261000e+00 6.20411998e+00 1.00000000e+00
1.27261000e+00 6.84928127e+00 1.00000000e+00
1.27261000e+00 7.49444256e+00 1.00000000e+00
1.27261000e+00 8.13960385e+00 9.99999999e-01
1.27261000e+00 8.78476514e+00 9.99999998e-01
1.27261000e+00 9.42992643e+00 9.99999989e-01
1.27261000e+00 1.00750877e+01 9.99999953e-01
1.27261000e+00 1.07202490e+01 9.99999791e-01
1.27261000e+00 1.13654103e+01 9.99999076e-01
1.27261000e+00 1.20105716e+01 9.99995920e-01
1.27261000e+00 1.26557329e+01 9.99981976e-01
1.27261000e+00 1.33008942e+01 9.99920387e-01
1.27261000e+00 1.39460555e+01 9.99648434e-01
1.27261000e+00 1.45912168e+01 9.98449176e-01
1.27261000e+00 1.52363780e+01 9.93191393e-01
1.27261000e+00 1.58815393e+01 9.70712880e-01
1.27261000e+00 1.65267006e+01 8.83894327e-01
1.27261000e+00 1.71718619e+01 6.42462436e-01
1.27261000e+00 1.78170232e+01 3.01388390e-01
1.27261000e+00 1.84621845e+01 9.17206587e-02
1.27261000e+00 1.91073458e+01 2.25766489e-02
1.27261000e+00 1.97525071e+01 5.21495303e-03
1.27261000e+00 2.03976684e+01 1.18608373e-03
1.27261000e+00 2.10428297e+01 2.68833991e-04
1.27261000e+00 2.16879910e+01 6.09188017e-05
1.27261000e+00 2.23331522e+01 1.38369958e-05
1.27261000e+00 2.29783135e+01 3.17725292e-06
1.27261000e+00 2.36234748e+01 7.61396631e-07
1.27261000e+00 2.42686361e+01 2.05377392e-07
1.27261000e+00 2.49137974e+01 6.17730190e-08
1.27261000e+00 2.55589587e+01 1.69102021e-08
1.27261000e+00 2.62041200e+01 4.08298501e-09

1.38625125e+00 6.20411998e+00 1.00000000e+00
1.38625125e+00 6.84928127e+00 1.00000000e+00
1.38625125e+00 7.49444256e+00 1.00000000e+00
1.38625125e+00 8.13960385e+00 1.00000000e+00
1.38625125e+00 8.78476514e+00 9.99999998e-01
1.38625125e+00 9.42992643e+00 9.99999993e-01
1.38625125e+00 1.00750877e+01 9.99999969e-01
1.38625125e+00 1.07202490e+01 9.99999863e-01
1.38625125e+00 1.13654103e+01 9.99999393e-01
1.38625125e+00 1.20105716e+01 9.99997321e-01
1.38625125e+00 1.26557329e+01 9.99988165e-01
1.38625125e+00 1.33008942e+01 9.99947723e-01
1.38625125e+00 1.39460555e+01 9.99769116e-01
1.38625125e+00 1.45912168e+01 9.98980961e-01
1.38625125e+00 1.52363780e+01 9.95515114e-01
1.38625125e+00 1.58815393e+01 9.80505196e-01
1.38625125e+00 1.65267006e+01 9.19536298e-01
1.38625125e+00 1.71718619e+01 7.23540806e-01
1.38625125e+00 1.78170232e+01 3.76533165e-01
1.38625125e+00 1.84621845e+01 1.21631530e-01
1.38625125e+00 1.91073458e+01 3.05212098e-02
1.38625125e+00 1.97525071e+01 7.08409246e-03
1.38625125e+00 2.03976684e+01 1.61299292e-03
1.38625125e+00 2.10428297e+01 3.65682141e-04
1.38625125e+00 2.16879910e+01 8.28630452e-05
1.38625125e+00 2.23331522e+01 1.88150145e-05
1.38625125e+00 2.29783135e+01 4.31407824e-06
1.38625125e+00 2.36234748e+01 1.02904719e-06
1.38625125e+00 2.42686361e+01 2.77099159e-07
1.38625125e+00 2.49137974e+01 8.72441371e-08
1.38625125e+00 2.55589587e+01 2.57565490e-08
1.38625125e+00 2.62041200e+01 6.45146696e-09

1.49989250e+00 6.20411998e+00 1.00000000e+00
1.49989250e+00 6.84928127e+00 1.00000000e+00
1.49989250e+00 7.49444256e+00 1.00000000e+00
1.49989250e+00 8.13960385e+00 1.00000000e+00
1.49989250e+00 8.78476514e+00 9.99999999e-01
1.49989250e+00 9.42992643e+00 9.99999995e-01
1.49989250e+00 1.00750877e+01 9.99999979e-01
1.49989250e+00 1.07202490e+01 9.99999905e-01
1.49989250e+00 1.13654103e+01 9.99999582e-01
1.49989250e+00 1.20105716e+01 9.99998155e-01
1.49989250e+00 1.26557329e+01 9.99991852e-01
1.49989250e+00 1.33008942e+01 9.99964007e-01
1.49989250e+00 1.39460555e+01 9.99841027e-01
1.49989250e+00 1.45912168e+01 9.99298146e-01
1.49989250e+00 1.52363780e+01 9.96907165e-01
1.49989250e+00 1.58815393e+01 9.86482231e-01
1.49989250e+00 1.65267006e+01 9.42948437e-01
1.49989250e+00 1.71718619e+01 7.89363373e-01
1.49989250e+00 1.78170232e+01 4.59781925e-01
1.49989250e+00 1.84621845e+01 1.61918249e-01
1.49989250e+00 1.91073458e+01 4.19465388e-02
1.49989250e+00 1.97525071e+01 9.81711305e-03
1.49989250e+00 2.03976684e+01 2.23961645e-03
1.49989250e+00 2.10428297e+01 5.07954585e-04
1.49989250e+00 2.16879910e+01 1.15098481e-04
1.49989250e+00 2.23331522e+01 2.61202500e-05
1.49989250e+00 2.29783135e+01 5.97471520e-06
1.49989250e+00 2.36234748e+01 1.41235239e-06
1.49989250e+00 2.42686361e+01 3.72890110e-07
1.49989250e+00 2.49137974e+01 1.18973432e-07
1.49989250e+00 2.55589587e+01 3.78594022e-08
1.49989250e+00 2.62041200e+01 9.96637881e-09

1.61353375e+00 6.20411998e+00 1.00000000e+00
1.61353375e+00 6.84928127e+00 1.00000000e+00
1.61353375e+00 7.49444256e+00 1.00000000e+00
1.61353375e+00 8.13960385e+00 1.00000000e+00
1.61353375e+00 8.78476514e+00 9.99999999e-01
1.61353375e+00 9.42992643e+00 9.99999997e-01
1.61353375e+00 1.00750877e+01 9.99999985e-01
1.61353375e+00 1.07202490e+01 9.99999934e-01
1.61353375e+00 1.13654103e+01 9.99999709e-01
1.61353375e+00 1.20105716e+01 9.99998714e-01
1.61353375e+00 1.26557329e+01 9.99994319e-01
1.61353375e+00 1.33008942e+01 9.99974904e-01
1.61353375e+00 1.39460555e+01 9.99889150e-01
1.61353375e+00 1.45912168e+01 9.99510522e-01
1.61353375e+00 1.52363780e+01 9.97841416e-01
1.61353375e+00 1.58815393e+01 9.90534614e-01
1.61353375e+00 1.65267006e+01 9.59498233e-01
1.61353375e+00 1.71718619e+01 8.42841957e-01
1.61353375e+00 1.78170232e+01 5.48346558e-01
1.61353375e+00 1.84621845e+01 2.15591886e-01
1.61353375e+00 1.91073458e+01 5.85754759e-02
1.61353375e+00 1.97525071e+01 1.38898241e-02
1.61353375e+00 2.03976684e+01 3.17860431e-03
1.61353375e+00 2.10428297e+01 7.21413685e-04
1.61353375e+00 2.16879910e+01 1.63471453e-04
1.61353375e+00 2.23331522e+01 3.70777374e-05
1.61353375e+00 2.29783135e+01 8.45997018e-06
1.61353375e+00 2.36234748e+01 1.98003579e-06
1.61353375e+00 2.42686361e+01 5.08182820e-07
1.61353375e+00 2.49137974e+01 1.59228563e-07
1.61353375e+00 2.55589587e+01 5.38789711e-08
1.61353375e+00 2.62041200e+01 1.51067854e-08

1.72717500e+00 6.20411998e+00 1.00000000e+00
1.72717500e+00 6.84928127e+00 1.00000000e+00
1.72717500e+00 7.49444256e+00 1.00000000e+00
1.72717500e+00 8.13960385e+00 1.00000000e+00
1.72717500e+00 8.78476514e+00 9.99999999e-01
1.72717500e+00 9.42992643e+00 9.99999998e-01
1.72717500e+00 1.00750877e+01 9.99999990e-01
1.72717500e+00 1.07202490e+01 9.99999954e-01
1.72717500e+00 1.13654103e+01 9.99999798e-01
1.72717500e+00 1.20105716e+01 9.99999107e-01
1.72717500e+00 1.26557329e+01 9.99996053e-01
1.72717500e+00 1.33008942e+01 9.99982567e-01
1.72717500e+00 1.39460555e+01 9.99922996e-01
1.72717500e+00 1.45912168e+01 9.99659935e-01
1.72717500e+00 1.52363780e+01 9.98499566e-01
1.72717500e+00 1.58815393e+01 9.93405990e-01
1.72717500e+00 1.65267006e+01 9.71515929e-01
1.72717500e+00 1.71718619e+01 8.85367009e-01
1.72717500e+00 1.78170232e+01 6.36360649e-01
1.72717500e+00 1.84621845e+01 2.84017279e-01
1.72717500e+00 1.91073458e+01 8.24613955e-02
1.72717500e+00 1.97525071e+01 1.99446754e-02
1.72717500e+00 2.03976684e+01 4.58619466e-03
1.72717500e+00 2.10428297e+01 1.04200532e-03
1.72717500e+00 2.16879910e+01 2.36149943e-04
1.72717500e+00 2.23331522e+01 5.35388331e-05
1.72717500e+00 2.29783135e+01 1.21897787e-05
1.72717500e+00 2.36234748e+01 2.82785736e-06
1.72717500e+00 2.42686361e+01 7.04999113e-07
1.72717500e+00 2.49137974e+01 2.12100605e-07
1.72717500e+00 2.55589587e+01 7.43481105e-08
1.72717500e+00 2.62041200e+01 2.24223280e-08

1.84081625e+00 6.20411998e+00 1.00000000e+00
1.84081625e+00 6.84928127e+00 1.00000000e+00
1.84081625e+00 7.49444256e+00 1.00000000e+00
1.84081625e+00 8.13960385e+00 1.00000000e+00
1.84081625e+00 8.78476514e+00 1.00000000e+00
1.84081625e+00 9.42992643e+00 9.99999998e-01
1.84081625e+00 1.00750877e+01 9.99999993e-01
1.84081625e+00 1.07202490e+01 9.99999968e-01
1.84081625e+00 1.13654103e+01 9.99999861e-01
1.84081625e+00 1.20105716e+01 9.99999384e-01
1.84081625e+00 1.26557329e+01 9.99997279e-01
1.84081625e+00 1.33008942e+01 9.99987981e-01
1.84081625e+00 1.39460555e+01 9.99946908e-01
1.84081625e+00 1.45912168e+01 9.99765519e-01
1.84081625e+00 1.52363780e+01 9.98965052e-01
1.84081625e+00 1.58815393e+01 9.95444536e-01
1.84081625e+00 1.65267006e+01 9.80188097e-01
1.84081625e+00 1.71718619e+01 9.18076475e-01
1.84081625e+00 1.78170232e+01 7.17662470e-01
1.84081625e+00 1.84621845e+01 3.66130631e-01
1.84081625e+00 1.91073458e+01 1.15949622e-01
1.84081625e+00 1.97525071e+01 2.88669139e-02
1.84081625e+00 2.03976684e+01 6.68619071e-03
1.84081625e+00 2.10428297e+01 1.52166763e-03
1.84081625e+00 2.16879910e+01 3.44958375e-04
1.84081625e+00 2.23331522e+01 7.81842735e-05
1.84081625e+00 2.29783135e+01 1.77717031e-05
1.84081625e+00 2.36234748e+01 4.09389433e-06
1.84081625e+00 2.42686361e+01 9.95052744e-07
1.84081625e+00 2.49137974e+01 2.84401513e-07
1.84081625e+00 2.55589587e+01 9.99422702e-08
1.84081625e+00 2.62041200e+01 3.24754058e-08

1.95445750e+00 6.20411998e+00 1.00000000e+00
1.95445750e+00 6.84928127e+00 1.00000000e+00
1.95445750e+00 7.49444256e+00 1.00000000e+00
1.95445750e+00 8.13960385e+00 1.00000000e+00
1.95445750e+00 8.78476514e+00 1.00000000e+00
1.95445750e+00 9.42992643e+00 9.99999999e-01
1.95445750e+00 1.00750877e+01 9.99999995e-01
1.95445750e+00 1.07202490e+01 9.99999978e-01
1.95445750e+00 1.13654103e+01 9.99999904e-01
1.95445750e+00 1.20105716e+01 9.99999578e-01
1.95445750e+00 1.26557329e+01 9.99998136e-01
1.95445750e+00 1.33008942e+01 9.99991768e-01
1.95445750e+00 1.39460555e+01 9.99963637e-01
1.95445750e+00 1.45912168e+01 9.99839393e-01
1.95445750e+00 1.52363780e+01 9.99290940e-01
1.95445750e+00 1.58815393e+01 9.96875513e-01
1.95445750e+00 1.65267006e+01 9.86345853e-01
1.95445750e+00 1.71718619e+01 9.42407512e-01
1.95445750e+00 1.78170232e+01 7.87815650e-01
1.95445750e+00 1.84621845e+01 4.58066634e-01
1.95445750e+00 1.91073458e+01 1.61423434e-01
1.95445750e+00 1.97525071e+01 4.18665105e-02
1.95445750e+00 2.03976684e+01 9.80243445e-03
1.95445750e+00 2.10428297e+01 2.23651142e-03
1.95445750e+00 2.16879910e+01 5.07273500e-04
1.95445750e+00 2.23331522e+01 1.14955683e-04
1.95445750e+00 2.29783135e+01 2.60987730e-05
1.95445750e+00 2.36234748e+01 5.98069132e-06
1.95445750e+00 2.42686361e+01 1.42460246e-06
1.95445750e+00 2.49137974e+01 3.86657875e-07
1.95445750e+00 2.55589587e+01 1.32043890e-07
1.95445750e+00 2.62041200e+01 4.57748221e-08

2.06809875e+00 6.20411998e+00 1.00000000e+00
2.06809875e+00 6.84928127e+00 1.00000000e+00
2.06809875e+00 7.49444256e+00 1.00000000e+00
2.06809875e+00 8.13960385e+00 1.00000000e+00
2.06809875e+00 8.78476514e+00 1.00000000e+00
2.06809875e+00 9.42992643e+00 9.99999999e-01
2.06809875e+00 1.00750877e+01 9.99999997e-01
2.06809875e+00 1.07202490e+01 9.99999985e-01
2.06809875e+00 1.13654103e+01 9.99999935e-01
2.06809875e+00 1.20105716e+01 9.99999712e-01
2.06809875e+00 1.26557329e+01 9.99998730e-01
2.06809875e+00 1.33008942e+01 9.99994389e-01
2.06809875e+00 1.39460555e+01 9.99975215e-01
2.06809875e+00 1.45912168e+01 9.99890524e-01
2.06809875e+00 1.52363780e+01 9.99516590e-01
2.06809875e+00 1.58815393e+01 9.97868192e-01
2.06809875e+00 1.65267006e+01 9.90652346e-01
2.06809875e+00 1.71718619e+01 9.60007216e-01
2.06809875e+00 1.78170232e+01 8.44859338e-01
2.06809875e+00 1.84621845e+01 5.53661118e-01
2.06809875e+00 1.91073458e+01 2.20745383e-01
2.06809875e+00 1.97525071e+01 6.05470515e-02
2.06809875e+00 2.03976684e+01 1.44022239e-02
2.06809875e+00 2.10428297e+01 3.29843650e-03
2.06809875e+00 2.16879910e+01 7.48750610e-04
2.06809875e+00 2.23331522e+01 1.69677802e-04
2.06809875e+00 2.29783135e+01 3.84906644e-05
2.06809875e+00 2.36234748e+01 8.78727795e-06
2.06809875e+00 2.42686361e+01 2.06165592e-06
2.06809875e+00 2.49137974e+01 5.34530108e-07
2.06809875e+00 2.55589587e+01 1.73424589e-07
2.06809875e+00 2.62041200e+01 6.27597317e-08

2.18174000e+00 6.20411998e+00 1.00000000e+00
2.18174000e+00 6.84928127e+00 1.00000000e+00
2.18174000e+00 7.49444256e+00 1.00000000e+00
2.18174000e+00 8.13960385e+00 1.00000000e+00
2.18174000e+00 8.78476514e+00 1.00000000e+00
2.18174000e+00 9.42992643e+00 9.99999999e-01
2.18174000e+00 1.00750877e+01 9.99999998e-01
2.18174000e+00 1.07202490e+01 9.99999990e-01
2.18174000e+00 1.13654103e+01 9.99999956e-01
2.18174000e+00 1.20105716e+01 9.99999805e-01
2.18174000e+00 1.26557329e+01 9.99999137e-01
2.18174000e+00 1.33008942e+01 9.99996188e-01
2.18174000e+00 1.39460555e+01 9.99983160e-01
2.18174000e+00 1.45912168e+01 9.99925618e-01
2.18174000e+00 1.52363780e+01 9.99671515e-01
2.18174000e+00 1.58815393e+01 9.98550627e-01
2.18174000e+00 1.65267006e+01 9.93629798e-01
2.18174000e+00 1.71718619e+01 9.72471571e-01
2.18174000e+00 1.78170232e+01 8.89026014e-01
2.18174000e+00 1.84621845e+01 6.45894819e-01
2.18174000e+00 1.91073458e+01 2.94420000e-01
2.18174000e+00 1.97525071e+01 8.69223766e-02
2.18174000e+00 2.03976684e+01 2.11529753e-02
2.18174000e+00 2.10428297e+01 4.87176584e-03
2.18174000e+00 2.16879910e+01 1.10730002e-03
2.18174000e+00 2.23331522e+01 2.50969725e-04
2.18174000e+00 2.29783135e+01 5.69005983e-05
2.18174000e+00 2.36234748e+01 1.29560768e-05
2.18174000e+00 2.42686361e+01 3.00659621e-06
2.18174000e+00 2.49137974e+01 7.51055376e-07
2.18174000e+00 2.55589587e+01 2.28918677e-07
2.18174000e+00 2.62041200e+01 8.39300235e-08

2.29538125e+00 6.20411998e+00 1.00000000e+00
2.29538125e+00 6.84928127e+00 1.00000000e+00
2.29538125e+00 7.49444256e+00 1.00000000e+00
2.29538125e+00 8.13960385e+00 1.00000000e+00
2.29538125e+00 8.78476514e+00 1.00000000e+00
2.29538125e+00 9.42992643e+00 1.00000000e+00
2.29538125e+00 1.00750877e+01 9.99999998e-01
2.29538125e+00 1.07202490e+01 9.99999993e-01
2.29538125e+00 1.13654103e+01 9.99999970e-01
2.29538125e+00 1.20105716e+01 9.99999868e-01
2.29538125e+00 1.26557329e+01 9.99999415e-01
2.29538125e+00 1.33008942e+01 9.99997415e-01
2.29538125e+00 1.39460555e+01 9.99988583e-01
2.29538125e+00 1.45912168e+01 9.99949569e-01
2.29538125e+00 1.52363780e+01 9.99777268e-01
2.29538125e+00 1.58815393e+01 9.99016880e-01
2.29538125e+00 1.65267006e+01 9.95672073e-01
2.29538125e+00 1.71718619e+01 9.81166553e-01
2.29538125e+00 1.78170232e+01 9.21932825e-01
2.29538125e+00 1.84621845e+01 7.28727772e-01
2.29538125e+00 1.91073458e+01 3.80728895e-01
2.29538125e+00 1.97525071e+01 1.23310160e-01
2.29538125e+00 2.03976684e+01 3.09917228e-02
2.29538125e+00 2.10428297e+01 7.19694614e-03
2.29538125e+00 2.16879910e+01 1.63891099e-03
2.29538125e+00 2.23331522e+01 3.71587485e-04
2.29538125e+00 2.29783135e+01 8.42205485e-05
2.29538125e+00 2.36234748e+01 1.91420897e-05
2.29538125e+00 2.42686361e+01 4.40786788e-06
2.29538125e+00 2.49137974e+01 1.07011758e-06
2.29538125e+00 2.55589587e+01 3.06164001e-07
2.29538125e+00 2.62041200e+01 1.10186017e-07

2.40902250e+00 6.20411998e+00 1.00000000e+00
2.40902250e+00 6.84928127e+00 1.00000000e+00
2.40902250e+00 7.49444256e+00 1.00000000e+00
2.40902250e+00 8.13960385e+00 1.00000000e+00
2.40902250e+00 8.78476514e+00 1.00000000e+00
2.40902250e+00 9.42992643e+00 1.00000000e+00
2.40902250e+00 1.00750877e+01 9.99999999e-01
2.40902250e+00 1.07202490e+01 9.99999995e-01
2.40902250e+00 1.13654103e+01 9.99999980e-01
2.40902250e+00 1.20105716e+01 9.99999910e-01
2.40902250e+00 1.26557329e+01 9.99999604e-01
2.40902250e+00 1.33008942e+01 9.99998250e-01
2.40902250e+00 1.39460555e+01 9.99992270e-01
2.40902250e+00 1.45912168e+01 9.99965854e-01
2.40902250e+00 1.52363780e+01 9.99849182e-01
2.40902250e+00 1.58815393e+01 9.99334138e-01
2.40902250e+00 1.65267006e+01 9.97065489e-01
2.40902250e+00 1.71718619e+01 9.87168847e-01
2.40902250e+00 1.78170232e+01 9.45751362e-01
2.40902250e+00 1.84621845e+01 7.98447558e-01
2.40902250e+00 1.91073458e+01 4.75331061e-01
2.40902250e+00 1.97525071e+01 1.72005844e-01
2.40902250e+00 2.03976684e+01 4.52001193e-02
2.40902250e+00 2.10428297e+01 1.06237904e-02
2.40902250e+00 2.16879910e+01 2.42616846e-03
2.40902250e+00 2.23331522e+01 5.50404927e-04
2.40902250e+00 2.29783135e+01 1.24732423e-04
2.40902250e+00 2.36234748e+01 2.83151958e-05
2.40902250e+00 2.42686361e+01 6.48516207e-06
2.40902250e+00 2.49137974e+01 1.54167135e-06
2.40902250e+00 2.55589587e+01 4.16644651e-07
2.40902250e+00 2.62041200e+01 1.43339727e-07

2.52266375e+00 6.20411998e+00 1.00000000e+00
2.52266375e+00 6.84928127e+00 1.00000000e+00
2.52266375e+00 7.49444256e+00 1.00000000e+00
2.52266375e+00 8.13960385e+00 1.00000000e+00
2.52266375e+00 8.78476514e+00 1.00000000e+00
2.52266375e+00 9.42992643e+00 1.00000000e+00
2.52266375e+00 1.00750877e+01 9.99999999e-01
2.52266375e+00 1.07202490e+01 9.99999997e-01
2.52266375e+00 1.13654103e+01 9.99999986e-01
2.52266375e+00 1.20105716e+01 9.99999939e-01
2.52266375e+00 1.26557329e+01 9.99999732e-01
2.52266375e+00 1.33008942e+01 9.99998816e-01
2.52266375e+00 1.39460555e+01 9.99994771e-01
2.52266375e+00 1.45912168e+01 9.99976900e-01
2.52266375e+00 1.52363780e+01 9.99897968e-01
2.52266375e+00 1.58815393e+01 9.99549450e-01
2.52266375e+00 1.65267006e+01 9.98012896e-01
2.52266375e+00 1.71718619e+01 9.91282871e-01
2.52266375e+00 1.78170232e+01 9.62632357e-01
2.52266375e+00 1.84621845e+01 8.53975269e-01
2.52266375e+00 1.91073458e+01 5.71820355e-01
2.52266375e+00 1.97525071e+01 2.34660190e-01
2.52266375e+00 2.03976684e+01 6.54633439e-02
2.52266375e+00 2.10428297e+01 1.56568420e-02
2.52266375e+00 2.16879910e+01 3.59064614e-03
2.52266375e+00 2.23331522e+01 8.15334736e-04
2.52266375e+00 2.29783135e+01 1.84775336e-04
2.52266375e+00 2.36234748e+01 4.19115284e-05
2.52266375e+00 2.42686361e+01 9.56371639e-06
2.52266375e+00 2.49137974e+01 2.23950945e-06
2.52266375e+00 2.55589587e+01 5.77319042e-07
2.52266375e+00 2.62041200e+01 1.86700916e-07

2.63630500e+00 6.20411998e+00 1.00000000e+00
2.63630500e+00 6.84928127e+00 1.00000000e+00
2.63630500e+00 7.49444256e+00 1.00000000e+00
2.63630500e+00 8.13960385e+00 1.00000000e+00
2.63630500e+00 8.78476514e+00 1.00000000e+00
2.63630500e+00 9.42992643e+00 1.00000000e+00
2.63630500e+00 1.00750877e+01 1.00000000e+00
2.63630500e+00 1.07202490e+01 9.99999998e-01
2.63630500e+00 1.13654103e+01 9.99999991e-01
2.63630500e+00 1.20105716e+01 9.99999959e-01
2.63630500e+00 1.26557329e+01 9.99999819e-01
2.63630500e+00 1.33008942e+01 9.99999200e-01
2.63630500e+00 1.39460555e+01 9.99996464e-01
2.63630500e+00 1.45912168e+01 9.99984382e-01
2.63630500e+00 1.52363780e+01 9.99931012e-01
2.63630500e+00 1.58815393e+01 9.99695328e-01
2.63630500e+00 1.65267006e+01 9.98655595e-01
2.63630500e+00 1.71718619e+01 9.94089115e-01
2.63630500e+00 1.78170232e+01 9.74418703e-01
2.63630500e+00 1.84621845e+01 8.96271067e-01
2.63630500e+00 1.91073458e+01 6.63267362e-01
2.63630500e+00 1.97525071e+01 3.11406887e-01
2.63630500e+00 2.03976684e+01 9.38669631e-02
2.63630500e+00 2.10428297e+01 2.30145358e-02
2.63630500e+00 2.16879910e+01 5.31079228e-03
2.63630500e+00 2.23331522e+01 1.20762880e-03
2.63630500e+00 2.29783135e+01 2.73732273e-04
2.63630500e+00 2.36234748e+01 6.20575222e-05
2.63630500e+00 2.42686361e+01 1.41250802e-05
2.63630500e+00 2.49137974e+01 3.27276753e-06
2.63630500e+00 2.55589587e+01 8.13143645e-07
2.63630500e+00 2.62041200e+01 2.45711805e-07

2.74994625e+00 6.20411998e+00 1.00000000e+00
2.74994625e+00 6.84928127e+00 1.00000000e+00
2.74994625e+00 7.49444256e+00 1.00000000e+00
2.74994625e+00 8.13960385e+00 1.00000000e+00
2.74994625e+00 8.78476514e+00 1.00000000e+00
2.74994625e+00 9.42992643e+00 1.00000000e+00
2.74994625e+00 1.00750877e+01 1.00000000e+00
2.74994625e+00 1.07202490e+01 9.99999999e-01
2.74994625e+00 1.13654103e+01 9.99999994e-01
2.74994625e+00 1.20105716e+01 9.99999972e-01
2.74994625e+00 1.26557329e+01 9.99999878e-01
2.74994625e+00 1.33008942e+01 9.99999459e-01
2.74994625e+00 1.39460555e+01 9.99997610e-01
2.74994625e+00 1.45912168e+01 9.99989444e-01
2.74994625e+00 1.52363780e+01 9.99953371e-01
2.74994625e+00 1.58815393e+01 9.99794058e-01
2.74994625e+00 1.65267006e+01 9.99090941e-01
2.74994625e+00 1.71718619e+01 9.95997116e-01
2.74994625e+00 1.78170232e+01 9.82562278e-01
2.74994625e+00 1.84621845e+01 9.27399891e-01
2.74994625e+00 1.91073458e+01 7.44062677e-01
2.74994625e+00 1.97525071e+01 4.00031351e-01
2.74994625e+00 2.03976684e+01 1.32754012e-01
2.74994625e+00 2.10428297e+01 3.37005406e-02
2.74994625e+00 2.16879910e+01 7.84741389e-03
2.74994625e+00 2.23331522e+01 1.78819229e-03
2.74994625e+00 2.29783135e+01 4.05488249e-04
2.74994625e+00 2.36234748e+01 9.19014987e-05
2.74994625e+00 2.42686361e+01 2.08822627e-05
2.74994625e+00 2.49137974e+01 4.80295178e-06
2.74994625e+00 2.55589587e+01 1.16089212e-06
2.74994625e+00 2.62041200e+01 3.28744834e-07

2.86358750e+00 6.20411998e+00 1.00000000e+00
2.86358750e+00 6.84928127e+00 1.00000000e+00
2.86358750e+00 7.49444256e+00 1.00000000e+00
2.86358750e+00 8.13960385e+00 1.00000000e+00
2.86358750e+00 8.78476514e+00 1.00000000e+00
2.86358750e+00 9.42992643e+00 1.00000000e+00
2.86358750e+00 1.00750877e+01 1.00000000e+00
2.86358750e+00 1.07202490e+01 9.99999999e-01
2.86358750e+00 1.13654103e+01 9.99999996e-01
2.86358750e+00 1.20105716e+01 9.99999981e-01
2.86358750e+00 1.26557329e+01 9.99999917e-01
2.86358750e+00 1.33008942e+01 9.99999634e-01
2.86358750e+00 1.39460555e+01 9.99998385e-01
2.86358750e+00 1.45912168e+01 9.99992867e-01
2.86358750e+00 1.52363780e+01 9.99968492e-01
2.86358750e+00 1.58815393e+01 9.99860832e-01
2.86358750e+00 1.65267006e+01 9.99385546e-01
2.86358750e+00 1.71718619e+01 9.97291575e-01
2.86358750e+00 1.78170232e+01 9.88148392e-01
2.86358750e+00 1.84621845e+01 9.49732762e-01
2.86358750e+00 1.91073458e+01 8.11103653e-01
2.86358750e+00 1.97525071e+01 4.95710092e-01
2.86358750e+00 2.03976684e+01 1.84343879e-01
2.86358750e+00 2.10428297e+01 4.90775920e-02
2.86358750e+00 2.16879910e+01 1.15792766e-02
2.86358750e+00 2.23331522e+01 2.64681651e-03
2.86358750e+00 2.29783135e+01 6.00583322e-04
2.86358750e+00 2.36234748e+01 1.36104326e-04
2.86358750e+00 2.42686361e+01 3.08909805e-05
2.86358750e+00 2.49137974e+01 7.06914151e-06
2.86358750e+00 2.55589587e+01 1.67485282e-06
2.86358750e+00 2.62041200e+01 4.48278680e-07

2.97722875e+00 6.20411998e+00 1.00000000e+00
2.97722875e+00 6.84928127e+00 1.00000000e+00
2.97722875e+00 7.49444256e+00 1.00000000e+00
2.97722875e+00 8.13960385e+00 1.00000000e+00
2.97722875e+00 8.78476514e+00 1.00000000e+00
2.97722875e+00 9.42992643e+00 1.00000000e+00
2.97722875e+00 1.00750877e+01 1.00000000e+00
2.97722875e+00 1.07202490e+01 9.99999999e-01
2.97722875e+00 1.13654103e+01 9.99999997e-01
2.97722875e+00 1.20105716e+01 9.99999987e-01
2.97722875e+00 1.26557329e+01 9.99999944e-01
2.97722875e+00 1.33008942e+01 9.99999753e-01
2.97722875e+00 1.39460555e+01 9.99998909e-01
2.97722875e+00 1.45912168e+01 9.99995181e-01
2.97722875e+00 1.52363780e+01 9.99978712e-01
2.97722875e+00 1.58815393e+01 9.99905972e-01
2.97722875e+00 1.65267006e+01 9.99584782e-01
2.97722875e+00 1.71718619e+01 9.98168505e-01
2.97722875e+00 1.78170232e+01 9.91961241e-01
2.97722875e+00 1.84621845e+01 9.65462404e-01
2.97722875e+00 1.91073458e+01 8.63871260e-01
2.97722875e+00 1.97525071e+01 5.91781542e-01
2.97722875e+00 2.03976684e+01 2.50049673e-01
2.97722875e+00 2.10428297e+01 7.09179904e-02
2.97722875e+00 2.16879910e+01 1.70513122e-02
2.97722875e+00 2.23331522e+01 3.91559730e-03
2.97722875e+00 2.29783135e+01 8.89387330e-04
2.97722875e+00 2.36234748e+01 2.01565248e-04
2.97722875e+00 2.42686361e+01 4.57143412e-05
2.97722875e+00 2.49137974e+01 1.04252965e-05
2.97722875e+00 2.55589587e+01 2.43527978e-06
2.97722875e+00 2.62041200e+01 6.22714983e-07

3.09087000e+00 6.20411998e+00 1.00000000e+00
3.09087000e+00 6.84928127e+00 1.00000000e+00
3.09087000e+00 7.49444256e+00 1.00000000e+00
3.09087000e+00 8.13960385e+00 1.00000000e+00
3.09087000e+00 8.78476514e+00 1.00000000e+00
3.09087000e+00 9.42992643e+00 1.00000000e+00
3.09087000e+00 1.00750877e+01 1.00000000e+00
3.09087000e+00 1.07202490e+01 1.00000000e+00
3.09087000e+00 1.13654103e+01 9.99999998e-01
3.09087000e+00 1.20105716e+01 9.99999991e-01
3.09087000e+00 1.26557329e+01 9.99999962e-01
3.09087000e+00 1.33008942e+01 9.99999833e-01
3.09087000e+00 1.39460555e+01 9.99999263e-01
3.09087000e+00 1.45912168e+01 9.99996744e-01
3.09087000e+00 1.52363780e+01 9.99985619e-01
3.09087000e+00 1.58815393e+01 9.99936478e-01
3.09087000e+00 1.65267006e+01 9.99719464e-01
3.09087000e+00 1.71718619e+01 9.98761995e-01
3.09087000e+00 1.78170232e+01 9.94554931e-01
3.09087000e+00 1.84621845e+01 9.76397526e-01
3.09087000e+00 1.91073458e+01 9.03693351e-01
3.09087000e+00 1.97525071e+01 6.81439816e-01
3.09087000e+00 2.03976684e+01 3.29579573e-01
3.09087000e+00 2.10428297e+01 1.01378539e-01
3.09087000e+00 2.16879910e+01 2.50366621e-02
3.09087000e+00 2.23331522e+01 5.78825623e-03
3.09087000e+00 2.29783135e+01 1.31677177e-03
3.09087000e+00 2.36234748e+01 2.98495116e-04
3.09087000e+00 2.42686361e+01 6.76666081e-05
3.09087000e+00 2.49137974e+01 1.53954871e-05
3.09087000e+00 2.55589587e+01 3.56090637e-06
3.09087000e+00 2.62041200e+01 8.79153669e-07

3.20451125e+00 6.20411998e+00 1.00000000e+00
3.20451125e+00 6.84928127e+00 1.00000000e+00
3.20451125e+00 7.49444256e+00 1.00000000e+00
3.20451125e+00 8.13960385e+00 1.00000000e+00
3.20451125e+00 8.78476514e+00 1.00000000e+00
3.20451125e+00 9.42992643e+00 1.00000000e+00
3.20451125e+00 1.00750877e+01 1.00000000e+00
3.20451125e+00 1.07202490e+01 1.00000000e+00
3.20451125e+00 1.13654103e+01 9.99999999e-01
3.20451125e+00 1.20105716e+01 9.99999994e-01
3.20451125e+00 1.26557329e+01 9.99999974e-01
3.20451125e+00 1.33008942e+01 9.99999887e-01
3.20451125e+00 1.39460555e+01 9.99999502e-01
3.20451125e+00 1.45912168e+01 9.99997801e-01
3.20451125e+00 1.52363780e+01 9.99990286e-01
3.20451125e+00 1.58815393e+01 9.99957091e-01
3.20451125e+00 1.65267006e+01 9.99810483e-01
3.20451125e+00 1.71718619e+01 9.99163393e-01
3.20451125e+00 1.78170232e+01 9.96315225e-01
3.20451125e+00 1.84621845e+01 9.83930589e-01
3.20451125e+00 1.91073458e+01 9.32797061e-01
3.20451125e+00 1.97525071e+01 7.59533106e-01
3.20451125e+00 2.03976684e+01 4.20170786e-01
3.20451125e+00 2.10428297e+01 1.42815940e-01
3.20451125e+00 2.16879910e+01 3.66097186e-02
3.20451125e+00 2.23331522e+01 8.54757228e-03
3.20451125e+00 2.29783135e+01 1.94896427e-03
3.20451125e+00 2.36234748e+01 4.42002245e-04
3.20451125e+00 2.42686361e+01 1.00173970e-04
3.20451125e+00 2.49137974e+01 2.27556597e-05
3.20451125e+00 2.55589587e+01 5.22746854e-06
3.20451125e+00 2.62041200e+01 1.25756199e-06

3.31815250e+00 6.20411998e+00 1.00000000e+00
3.31815250e+00 6.84928127e+00 1.00000000e+00
3.31815250e+00 7.49444256e+00 1.00000000e+00
3.31815250e+00 8.13960385e+00 1.00000000e+00
3.31815250e+00 8.78476514e+00 1.00000000e+00
3.31815250e+00 9.42992643e+00 1.00000000e+00
3.31815250e+00 1.00750877e+01 1.00000000e+00
3.31815250e+00 1.07202490e+01 1.00000000e+00
3.31815250e+00 1.13654103e+01 9.99999999e-01
3.31815250e+00 1.20105716e+01 9.99999996e-01
3.31815250e+00 1.26557329e+01 9.99999983e-01
3.31815250e+00 1.33008942e+01 9.99999924e-01
3.31815250e+00 1.39460555e+01 9.99999664e-01
3.31815250e+00 1.45912168e+01 9.99998515e-01
3.31815250e+00 1.52363780e+01 9.99993438e-01
3.31815250e+00 1.58815393e+01 9.99971016e-01
3.31815250e+00 1.65267006e+01 9.99871981e-01
3.31815250e+00 1.71718619e+01 9.99434750e-01
3.31815250e+00 1.78170232e+01 9.97508035e-01
3.31815250e+00 1.84621845e+01 9.89087452e-01
3.31815250e+00 1.91073458e+01 9.53570384e-01
3.31815250e+00 1.97525071e+01 8.23535615e-01
3.31815250e+00 2.03976684e+01 5.16513117e-01
3.31815250e+00 2.10428297e+01 1.97344856e-01
3.31815250e+00 2.16879910e+01 5.32178247e-02
3.31815250e+00 2.23331522e+01 1.26034897e-02
3.31815250e+00 2.29783135e+01 2.88356050e-03
3.31815250e+00 2.36234748e+01 6.54433408e-04
3.31815250e+00 2.42686361e+01 1.48308360e-04
3.31815250e+00 2.49137974e+01 3.36546836e-05
3.31815250e+00 2.55589587e+01 7.69512476e-06
3.31815250e+00 2.62041200e+01 1.81697788e-06

3.43179375e+00 6.20411998e+00 1.00000000e+00
3.43179375e+00 6.84928127e+00 1.00000000e+00
3.43179375e+00 7.49444256e+00 1.00000000e+00
3.43179375e+00 8.13960385e+00 1.00000000e+00
3.43179375e+00 8.78476514e+00 1.00000000e+00
3.43179375e+00 9.42992643e+00 1.00000000e+00
3.43179375e+00 1.00750877e+01 1.00000000e+00
3.43179375e+00 1.07202490e+01 1.00000000e+00
3.43179375e+00 1.13654103e+01 9.99999999e-01
3.43179375e+00 1.20105716e+01 9.99999997e-01
3.43179375e+00 1.26557329e+01 9.99999988e-01
3.43179375e+00 1.33008942e+01 9.99999949e-01
3.43179375e+00 1.39460555e+01 9.99999773e-01
3.43179375e+00 1.45912168e+01 9.99998997e-01
3.43179375e+00 1.52363780e+01 9.99995568e-01
3.43179375e+00 1.58815393e+01 9.99980423e-01
3.43179375e+00 1.65267006e+01 9.99913528e-01
3.43179375e+00 1.71718619e+01 9.99618140e-01
3.43179375e+00 1.78170232e+01 9.98315447e-01
3.43179375e+00 1.84621845e+01 9.92602437e-01
3.43179375e+00 1.91073458e+01 9.68148097e-01
3.43179375e+00 1.97525071e+01 8.73404906e-01
3.43179375e+00 2.03976684e+01 6.11750355e-01
3.43179375e+00 2.10428297e+01 2.66095059e-01
3.43179375e+00 2.16879910e+01 7.67210633e-02
3.43179375e+00 2.23331522e+01 1.85442649e-02
3.43179375e+00 2.29783135e+01 4.26404987e-03
3.43179375e+00 2.36234748e+01 9.68824467e-04
3.43179375e+00 2.42686361e+01 2.19577063e-04
3.43179375e+00 2.49137974e+01 4.97935391e-05
3.43179375e+00 2.55589587e+01 1.13490485e-05
3.43179375e+00 2.62041200e+01 2.64470514e-06

3.54543500e+00 6.20411998e+00 1.00000000e+00
3.54543500e+00 6.84928127e+00 1.00000000e+00
3.54543500e+00 7.49444256e+00 1.00000000e+00
3.54543500e+00 8.13960385e+00 1.00000000e+00
3.54543500e+00 8.78476514e+00 1.00000000e+00
3.54543500e+00 9.42992643e+00 1.00000000e+00
3.54543500e+00 1.00750877e+01 1.00000000e+00
3.54543500e+00 1.07202490e+01 1.00000000e+00
3.54543500e+00 1.13654103e+01 1.00000000e+00
3.54543500e+00 1.20105716e+01 9.99999998e-01
3.54543500e+00 1.26557329e+01 9.99999992e-01
3.54543500e+00 1.33008942e+01 9.99999965e-01
3.54543500e+00 1.39460555e+01 9.99999847e-01
3.54543500e+00 1.45912168e+01 9.99999322e-01
3.54543500e+00 1.52363780e+01 9.99997007e-01
3.54543500e+00 1.58815393e+01 9.99986777e-01
3.54543500e+00 1.65267006e+01 9.99941594e-01
3.54543500e+00 1.71718619e+01 9.99742053e-01
3.54543500e+00 1.78170232e+01 9.98861589e-01
3.54543500e+00 1.84621845e+01 9.94991236e-01
3.54543500e+00 1.91073458e+01 9.78256295e-01
3.54543500e+00 1.97525071e+01 9.10744774e-01
3.54543500e+00 2.03976684e+01 6.99288033e-01
3.54543500e+00 2.10428297e+01 3.48301001e-01
3.54543500e+00 2.16879910e+01 1.09341197e-01
3.54543500e+00 2.23331522e+01 2.72013159e-02
3.54543500e+00 2.29783135e+01 6.30067791e-03
3.54543500e+00 2.36234748e+01 1.43397545e-03
3.54543500e+00 2.42686361e+01 3.25090108e-04
3.54543500e+00 2.49137974e+01 7.36905475e-05
3.54543500e+00 2.55589587e+01 1.67595237e-05
3.54543500e+00 2.62041200e+01 3.86992801e-06

3.65907625e+00 6.20411998e+00 1.00000000e+00
3.65907625e+00 6.84928127e+00 1.00000000e+00
3.65907625e+00 7.49444256e+00 1.00000000e+00
3.65907625e+00 8.13960385e+00 1.00000000e+00
3.65907625e+00 8.78476514e+00 1.00000000e+00
3.65907625e+00 9.42992643e+00 1.00000000e+00
3.65907625e+00 1.00750877e+01 1.00000000e+00
3.65907625e+00 1.07202490e+01 1.00000000e+00
3.65907625e+00 1.13654103e+01 1.00000000e+00
3.65907625e+00 1.20105716e+01 9.99999999e-01
3.65907625e+00 1.26557329e+01 9.99999995e-01
3.65907625e+00 1.33008942e+01 9.99999977e-01
3.65907625e+00 1.39460555e+01 9.99999896e-01
3.65907625e+00 1.45912168e+01 9.99999542e-01
3.65907625e+00 1.52363780e+01 9.99997978e-01
3.65907625e+00 1.58815393e+01 9.99991069e-01
3.65907625e+00 1.65267006e+01 9.99960552e-01
3.65907625e+00 1.71718619e+01 9.99825767e-01
3.65907625e+00 1.78170232e+01 9.99230823e-01
3.65907625e+00 1.84621845e+01 9.96611417e-01
3.65907625e+00 1.91073458e+01 9.85207184e-01
3.65907625e+00 1.97525071e+01 9.37874090e-01
3.65907625e+00 2.03976684e+01 7.74487294e-01
3.65907625e+00 2.10428297e+01 4.40631446e-01
3.65907625e+00 2.16879910e+01 1.53430055e-01
3.65907625e+00 2.23331522e+01 3.97234636e-02
3.65907625e+00 2.29783135e+01 9.29994989e-03
3.65907625e+00 2.36234748e+01 2.12189050e-03
3.65907625e+00 2.42686361e+01 4.81284945e-04
3.65907625e+00 2.49137974e+01 1.09073891e-04
3.65907625e+00 2.55589587e+01 2.47709141e-05
3.65907625e+00 2.62041200e+01 5.68386490e-06

3.77271750e+00 6.20411998e+00 1.00000000e+00
3.77271750e+00 6.84928127e+00 1.00000000e+00
3.77271750e+00 7.49444256e+00 1.00000000e+00
3.77271750e+00 8.13960385e+00 1.00000000e+00
3.77271750e+00 8.78476514e+00 1.00000000e+00
3.77271750e+00 9.42992643e+00 1.00000000e+00
3.77271750e+00 1.00750877e+01 1.00000000e+00
3.77271750e+00 1.07202490e+01 1.00000000e+00
3.77271750e+00 1.13654103e+01 1.00000000e+00
3.77271750e+00 1.20105716e+01 9.99999999e-01
3.77271750e+00 1.26557329e+01 9.99999996e-01
3.77271750e+00 1.33008942e+01 9.99999984e-01
3.77271750e+00 1.39460555e+01 9.99999930e-01
3.77271750e+00 1.45912168e+01 9.99999691e-01
3.77271750e+00 1.52363780e+01 9.99998635e-01
3.77271750e+00 1.58815393e+01 9.99993968e-01
3.77271750e+00 1.65267006e+01 9.99973356e-01
3.77271750e+00 1.71718619e+01 9.99882317e-01
3.77271750e+00 1.78170232e+01 9.99480370e-01
3.77271750e+00 1.84621845e+01 9.97708789e-01
3.77271750e+00 1.91073458e+01 9.89959584e-01
3.77271750e+00 1.97525071e+01 9.57155379e-01
3.77271750e+00 2.03976684e+01 8.35396449e-01
3.77271750e+00 2.10428297e+01 5.37324857e-01
3.77271750e+00 2.16879910e+01 2.10963227e-01
3.77271750e+00 2.23331522e+01 5.76451629e-02
3.77271750e+00 2.29783135e+01 1.37053672e-02
3.77271750e+00 2.36234748e+01 3.13863149e-03
3.77271750e+00 2.42686361e+01 7.12471667e-04
3.77271750e+00 2.49137974e+01 1.61462378e-04
3.77271750e+00 2.55589587e+01 3.66333734e-05
3.77271750e+00 2.62041200e+01 8.36960324e-06

3.88635875e+00 6.20411998e+00 1.00000000e+00
3.88635875e+00 6.84928127e+00 1.00000000e+00
3.88635875e+00 7.49444256e+00 1.00000000e+00
3.88635875e+00 8.13960385e+00 1.00000000e+00
3.88635875e+00 8.78476514e+00 1.00000000e+00
3.88635875e+00 9.42992643e+00 1.00000000e+00
3.88635875e+00 1.00750877e+01 1.00000000e+00
3.88635875e+00 1.07202490e+01 1.00000000e+00
3.88635875e+00 1.13654103e+01 1.00000000e+00
3.88635875e+00 1.20105716e+01 9.99999999e-01
3.88635875e+00 1.26557329e+01 9.99999998e-01
3.88635875e+00 1.33008942e+01 9.99999989e-01
3.88635875e+00 1.39460555e+01 9.99999953e-01
3.88635875e+00 1.45912168e+01 9.99999791e-01
3.88635875e+00 1.52363780e+01 9.99999078e-01
3.88635875e+00 1.58815393e+01 9.99995926e-01
3.88635875e+00 1.65267006e+01 9.99982005e-01
3.88635875e+00 1.71718619e+01 9.99920516e-01
3.88635875e+00 1.78170232e+01 9.99648988e-01
3.88635875e+00 1.84621845e+01 9.98451366e-01
3.88635875e+00 1.91073458e+01 9.93196094e-01
3.88635875e+00 1.97525071e+01 9.70644844e-01
3.88635875e+00 2.03976684e+01 8.82407785e-01
3.88635875e+00 2.10428297e+01 6.31414477e-01
3.88635875e+00 2.16879910e+01 2.82741536e-01
3.88635875e+00 2.23331522e+01 8.29128758e-02
3.88635875e+00 2.29783135e+01 2.01515649e-02
3.88635875e+00 2.36234748e+01 4.64003607e-03
3.88635875e+00 2.42686361e+01 1.05458316e-03
3.88635875e+00 2.49137974e+01 2.39024411e-04
3.88635875e+00 2.55589587e+01 5.41978158e-05
3.88635875e+00 2.62041200e+01 1.23462681e-05

4.00000000e+00 6.20411998e+00 1.00000000e+00
4.00000000e+00 6.84928127e+00 1.00000000e+00
4.00000000e+00 7.49444256e+00 1.00000000e+00
4.00000000e+00 8.13960385e+00 1.00000000e+00
4.00000000e+00 8.78476514e+00 1.00000000e+00
4.00000000e+00 9.42992643e+00 1.00000000e+00
4.00000000e+00 1.00750877e+01 1.00000000e+00
4.00000000e+00 1.07202490e+01 1.00000000e+00
4.00000000e+00 1.13654103e+01 1.00000000e+00
4.00000000e+00 1.20105716e+01 1.00000000e+00
4.00000000e+00 1.26557329e+01 9.99999998e-01
4.00000000e+00 1.33008942e+01 9.99999993e-01
4.00000000e+00 1.39460555e+01 9.99999968e-01
4.00000000e+00 1.45912168e+01 9.99999859e-01
4.00000000e+00 1.52363780e+01 9.99999377e-01
4.00000000e+00 1.58815393e+01 9.99997249e-01
4.00000000e+00 1.65267006e+01 9.99987847e-01
4.00000000e+00 1.71718619e+01 9.99946316e-01
4.00000000e+00 1.78170232e+01 9.99762906e-01
4.00000000e+00 1.84621845e+01 9.98953542e-01
4.00000000e+00 1.91073458e+01 9.95394336e-01
4.00000000e+00 1.97525071e+01 9.79978452e-01
4.00000000e+00 2.03976684e+01 9.17352321e-01
4.00000000e+00 2.10428297e+01 7.16603309e-01
4.00000000e+00 2.16879910e+01 3.67487857e-01
4.00000000e+00 2.23331522e+01 1.17803691e-01
4.00000000e+00 2.29783135e+01 2.95318016e-02
4.00000000e+00 2.36234748e+01 6.85422932e-03
4.00000000e+00 2.42686361e+01 1.56068738e-03
4.00000000e+00 2.49137974e+01 3.53847760e-04
4.00000000e+00 2.55589587e+01 8.02044973e-05
4.00000000e+00 2.62041200e+01 1.82344126e-05

